DEM/Filtered_topo.asc
ncols         516
nrows         611
xllcorner   288845.000
yllcorner   7342325.00
cellsize   1000.00000
[rows 273 to 311 of 611, columns 267 to 355 of 516]
1167 1172 1176 1181 1186 1191 1198 1205 1212 1213 1217 1221 1228 1229 1235 1244 1249 1252 1254 1255 1253 1255 1255 1260 1264 1268 1274 1275 1281 1287 1293 1300 1313 1318 1321 1326 1331 1338 1343 1347 1351 1355 1359 1364 1365 1368 1370 1373 1375 1380 1382 1386 1389 1392 1394 1398 1401 1409 1412 1413 1419 1422 1423 1424 1425 1425 1427 1429 1434 1439 1443 1445 1450 1452 1456 1456 1458 1460 1465 1472 1478 1481 1481 1483 1485 1479 1478 1473 1461
1171 1176 1181 1185 1190 1195 1201 1209 1215 1216 1220 1223 1230 1231 1236 1245 1249 1252 1254 1255 1253 1254 1255 1260 1264 1268 1273 1274 1280 1286 1292 1299 1312 1317 1320 1324 1329 1336 1341 1345 1349 1353 1357 1361 1363 1366 1367 1370 1372 1377 1379 1383 1385 1388 1390 1394 1397 1405 1408 1410 1416 1418 1420 1421 1422 1423 1425 1427 1432 1437 1441 1443 1448 1450 1454 1454 1456 1459 1463 1470 1477 1480 1480 1483 1484 1479 1478 1473 1462
1174 1179 1183 1188 1193 1198 1204 1211 1217 1218 1221 1225 1232 1233 1238 1246 1250 1253 1254 1256 1254 1255 1256 1261 1265 1269 1274 1276 1281 1288 1294 1300 1314 1319 1321 1326 1331 1337 1343 1347 1350 1354 1358 1362 1363 1367 1368 1370 1373 1378 1380 1383 1385 1388 1390 1394 1396 1405 1408 1409 1415 1417 1419 1420 1421 1422 1425 1427 1432 1437 1442 1443 1448 1450 1454 1454 1455 1458 1463 1470 1477 1480 1481 1484 1485 1480 1479 1474 1462
1177 1181 1185 1190 1195 1199 1206 1213 1218 1219 1223 1226 1233 1234 1239 1246 1251 1253 1255 1257 1254 1256 1257 1262 1266 1270 1275 1277 1283 1289 1295 1302 1315 1320 1322 1327 1332 1339 1345 1349 1352 1356 1360 1364 1365 1368 1369 1372 1374 1379 1381 1384 1387 1390 1392 1395 1398 1406 1409 1410 1416 1419 1421 1422 1423 1424 1427 1429 1434 1439 1444 1446 1450 1452 1455 1456 1457 1460 1465 1472 1479 1482 1483 1486 1488 1483 1482 1477 1465
1179 1183 1187 1192 1197 1201 1207 1215 1220 1220 1224 1227 1234 1235 1240 1247 1251 1253 1255 1257 1255 1256 1257 1263 1267 1271 1276 1278 1284 1290 1296 1303 1317 1321 1323 1328 1333 1340 1346 1350 1353 1357 1360 1365 1366 1369 1370 1373 1375 1379 1381 1384 1387 1389 1391 1395 1397 1405 1408 1409 1415 1418 1420 1421 1422 1424 1426 1429 1434 1439 1444 1445 1450 1452 1455 1455 1457 1460 1464 1471 1478 1482 1483 1486 1488 1483 1483 1478 1465
1181 1185 1189 1194 1199 1203 1210 1217 1221 1222 1225 1229 1237 1237 1242 1249 1252 1254 1256 1258 1256 1258 1259 1265 1269 1273 1278 1281 1287 1292 1298 1305 1319 1324 1325 1330 1336 1343 1348 1352 1355 1359 1362 1366 1367 1370 1371 1374 1375 1380 1382 1385 1387 1389 1391 1394 1396 1404 1407 1408 1414 1417 1419 1419 1421 1422 1425 1428 1433 1438 1442 1444 1448 1450 1452 1452 1454 1457 1461 1468 1476 1479 1481 1484 1486 1481 1481 1476 1463
1182 1187 1191 1196 1201 1205 1211 1219 1223 1224 1227 1231 1239 1240 1244 1251 1255 1257 1259 1261 1260 1262 1263 1269 1273 1278 1283 1285 1292 1297 1303 1310 1324 1329 1330 1336 1341 1348 1353 1357 1361 1364 1367 1372 1373 1376 1376 1378 1380 1384 1386 1389 1391 1393 1395 1398 1400 1407 1410 1411 1417 1420 1422 1423 1424 1425 1428 1431 1436 1441 1446 1447 1451 1452 1455 1454 1456 1460 1464 1471 1478 1482 1483 1487 1489 1484 1484 1479 1466
1183 1188 1193 1198 1203 1208 1214 1222 1226 1227 1230 1235 1243 1244 1248 1255 1259 1261 1263 1265 1264 1267 1268 1275 1279 1283 1288 1291 1298 1303 1309 1316 1330 1335 1336 1341 1346 1353 1358 1362 1365 1368 1371 1375 1376 1379 1379 1381 1382 1386 1388 1390 1392 1394 1395 1397 1399 1406 1409 1410 1415 1418 1420 1420 1421 1423 1426 1428 1433 1438 1442 1443 1447 1448 1450 1450 1452 1455 1459 1466 1473 1477 1479 1483 1484 1480 1480 1475 1462
1186 1191 1195 1201 1207 1211 1218 1226 1230 1231 1235 1240 1248 1250 1253 1260 1264 1266 1268 1271 1270 1273 1275 1281 1286 1290 1295 1299 1305 1310 1316 1323 1338 1342 1343 1348 1353 1360 1365 1368 1371 1375 1377 1381 1382 1384 1384 1386 1386 1390 1392 1394 1396 1397 1398 1400 1402 1409 1411 1412 1417 1419 1421 1422 1422 1424 1427 1430 1434 1440 1444 1444 1448 1449 1451 1450 1452 1455 1459 1466 1474 1478 1480 1484 1485 1481 1481 1477 1463
1187 1193 1197 1203 1209 1214 1221 1230 1234 1235 1239 1244 1253 1254 1258 1264 1268 1270 1273 1276 1276 1279 1281 1288 1292 1296 1302 1305 1312 1317 1322 1329 1344 1348 1348 1353 1358 1365 1370 1373 1376 1379 1382 1385 1385 1388 1387 1389 1389 1393 1394 1396 1397 1398 1399 1401 1402 1408 1410 1411 1416 1418 1420 1420 1421 1423 1426 1428 1433 1438 1442 1443 1446 1447 1449 1448 1450 1453 1457 1464 1472 1476 1478 1483 1485 1480 1481 1477 1463
1188 1193 1198 1204 1211 1215 1223 1231 1235 1236 1240 1246 1255 1257 1260 1266 1270 1272 1275 1278 1278 1281 1284 1291 1295 1300 1305 1309 1315 1320 1325 1332 1347 1351 1351 1356 1361 1368 1373 1376 1379 1382 1384 1387 1388 1390 1389 1390 1390 1394 1395 1397 1398 1399 1399 1401 1402 1408 1410 1411 1416 1418 1420 1420 1421 1423 1426 1429 1433 1439 1442 1443 1446 1447 1448 1448 1450 1453 1457 1464 1473 1477 1479 1484 1486 1482 1483 1479 1465
1186 1191 1196 1202 1209 1213 1220 1229 1232 1234 1237 1243 1253 1254 1257 1263 1267 1269 1272 1276 1276 1279 1282 1289 1294 1299 1304 1308 1315 1320 1325 1332 1347 1351 1351 1356 1362 1369 1374 1377 1380 1383 1385 1389 1389 1392 1391 1393 1393 1396 1398 1400 1401 1402 1403 1404 1405 1412 1414 1415 1420 1422 1425 1425 1426 1428 1432 1435 1440 1445 1449 1449 1452 1453 1455 1454 1456 1460 1464 1471 1480 1484 1487 1492 1494 1490 1491 1487 1474
1185 1190 1195 1201 1208 1212 1219 1228 1231 1232 1236 1242 1252 1253 1256 1261 1265 1267 1270 1274 1274 1278 1280 1288 1293 1297 1302 1307 1314 1318 1324 1331 1346 1350 1349 1355 1360 1367 1372 1375 1378 1381 1384 1387 1387 1390 1389 1391 1390 1394 1396 1398 1399 1400 1400 1402 1403 1410 1411 1413 1418 1421 1423 1424 1425 1427 1431 1434 1439 1445 1449 1449 1452 1453 1455 1454 1457 1461 1465 1472 1482 1486 1489 1495 1497 1493 1495 1491 1478
1184 1189 1194 1200 1206 1210 1217 1226 1228 1229 1232 1239 1249 1250 1252 1257 1260 1262 1266 1269 1270 1274 1277 1284 1289 1294 1299 1304 1311 1315 1321 1328 1343 1347 1347 1352 1358 1365 1371 1374 1377 1381 1383 1387 1388 1390 1390 1392 1392 1396 1398 1400 1402 1404 1404 1406 1408 1415 1417 1419 1425 1428 1431 1432 1434 1437 1441 1445 1450 1456 1461 1462 1465 1466 1468 1468 1471 1476 1480 1487 1497 1502 1505 1511 1514 1511 1513 1509 1496
1188 1193 1197 1204 1210 1214 1221 1229 1231 1232 1235 1241 1251 1252 1254 1258 1261 1263 1266 1270 1270 1274 1277 1284 1289 1293 1298 1303 1310 1314 1318 1325 1340 1344 1343 1348 1353 1360 1365 1368 1371 1374 1376 1379 1380 1382 1382 1383 1382 1386 1388 1390 1392 1393 1393 1395 1396 1402 1405 1407 1412 1415 1418 1419 1421 1424 1428 1432 1438 1444 1449 1449 1452 1453 1455 1455 1458 1463 1468 1475 1486 1491 1494 1501 1503 1501 1503 1500 1487
1190 1194 1198 1204 1210 1214 1221 1229 1231 1231 1234 1240 1250 1251 1252 1255 1258 1259 1263 1266 1267 1270 1273 1281 1285 1290 1294 1300 1306 1309 1314 1320 1335 1338 1337 1342 1347 1354 1359 1362 1365 1368 1370 1373 1374 1376 1376 1377 1376 1380 1381 1384 1386 1386 1387 1388 1390 1396 1398 1401 1406 1409 1412 1413 1416 1419 1424 1428 1433 1440 1445 1445 1448 1449 1452 1452 1455 1460 1465 1471 1483 1488 1492 1499 1501 1499 1502 1499 1486
1190 1195 1199 1205 1211 1215 1222 1231 1232 1233 1235 1242 1252 1253 1254 1257 1260 1261 1265 1268 1269 1273 1276 1284 1288 1293 1297 1303 1310 1312 1316 1323 1338 1340 1339 1344 1349 1355 1360 1362 1365 1368 1370 1372 1373 1375 1374 1375 1374 1377 1379 1381 1382 1383 1383 1384 1385 1391 1393 1395 1400 1403 1406 1406 1409 1412 1416 1420 1425 1432 1436 1436 1439 1440 1442 1441 1445 1450 1454 1461 1472 1477 1481 1488 1490 1489 1491 1488 1475
1186 1190 1195 1201 1207 1211 1218 1227 1228 1229 1231 1238 1249 1249 1250 1253 1256 1257 1262 1265 1266 1271 1274 1282 1287 1291 1296 1302 1309 1311 1315 1322 1337 1339 1338 1343 1348 1355 1359 1362 1364 1367 1369 1371 1372 1374 1373 1374 1373 1376 1377 1379 1381 1381 1381 1382 1383 1389 1391 1393 1398 1400 1403 1404 1406 1409 1413 1417 1422 1428 1433 1433 1435 1436 1437 1437 1440 1445 1449 1455 1467 1472 1476 1482 1485 1483 1486 1483 1469
1185 1189 1193 1200 1206 1209 1217 1225 1226 1227 1229 1236 1247 1247 1247 1250 1253 1254 1259 1262 1264 1268 1272 1279 1284 1289 1293 1300 1307 1308 1312 1319 1333 1336 1334 1339 1344 1350 1355 1357 1359 1362 1364 1366 1367 1369 1368 1369 1367 1370 1371 1373 1374 1375 1374 1375 1376 1381 1383 1385 1390 1392 1395 1396 1398 1401 1405 1409 1414 1420 1424 1424 1426 1426 1427 1427 1430 1435 1439 1445 1457 1462 1466 1472 1475 1473 1476 1473 1460
1186 1190 1194 1200 1207 1210 1218 1226 1226 1227 1230 1237 1248 1248 1248 1250 1252 1254 1258 1262 1263 1268 1272 1279 1284 1288 1293 1299 1306 1307 1311 1317 1331 1333 1330 1335 1340 1346 1350 1352 1354 1357 1358 1360 1360 1362 1361 1361 1359 1362 1363 1364 1366 1365 1365 1365 1366 1371 1372 1374 1379 1381 1383 1384 1386 1389 1393 1397 1402 1407 1411 1411 1413 1413 1414 1413 1416 1421 1425 1431 1443 1449 1452 1459 1461 1460 1463 1460 1447
1185 1189 1193 1199 1205 1208 1216 1224 1224 1225 1227 1234 1245 1245 1244 1246 1248 1249 1253 1257 1258 1263 1267 1274 1279 1283 1287 1294 1300 1301 1304 1310 1324 1325 1322 1327 1332 1338 1342 1343 1345 1348 1349 1351 1351 1353 1351 1352 1349 1352 1353 1355 1356 1356 1355 1355 1356 1361 1362 1364 1369 1371 1374 1374 1376 1379 1384 1388 1393 1399 1403 1402 1404 1404 1405 1405 1408 1413 1417 1423 1436 1442 1445 1452 1455 1454 1457 1455 1442
1181 1185 1189 1195 1201 1203 1211 1219 1218 1219 1221 1228 1239 1239 1237 1239 1240 1242 1246 1250 1251 1256 1260 1267 1272 1276 1281 1287 1294 1294 1297 1302 1317 1318 1315 1320 1324 1330 1334 1336 1338 1340 1341 1343 1344 1346 1345 1345 1343 1345 1346 1348 1349 1349 1349 1349 1350 1355 1357 1359 1363 1366 1369 1369 1372 1375 1380 1384 1389 1395 1399 1399 1400 1400 1402 1401 1405 1410 1414 1420 1434 1439 1443 1450 1453 1452 1456 1453 1440
1178 1181 1185 1191 1196 1199 1206 1214 1213 1214 1215 1223 1233 1233 1231 1232 1233 1235 1239 1243 1245 1250 1254 1261 1266 1270 1274 1282 1288 1288 1291 1296 1310 1312 1308 1313 1318 1324 1328 1330 1332 1335 1336 1338 1339 1341 1340 1341 1338 1341 1342 1344 1346 1346 1345 1346 1347 1352 1354 1357 1361 1364 1367 1368 1371 1374 1379 1384 1389 1395 1399 1399 1400 1400 1402 1401 1405 1411 1415 1421 1434 1440 1443 1451 1453 1453 1456 1454 1441
1178 1181 1184 1191 1196 1198 1206 1214 1212 1213 1215 1222 1233 1233 1230 1231 1233 1234 1239 1243 1245 1250 1255 1262 1268 1271 1276 1284 1291 1289 1293 1298 1312 1313 1310 1315 1320 1326 1330 1332 1334 1337 1339 1341 1342 1344 1344 1345 1342 1345 1347 1349 1351 1351 1350 1351 1352 1357 1359 1362 1367 1370 1373 1374 1376 1380 1385 1390 1395 1400 1405 1404 1406 1406 1407 1407 1410 1416 1420 1425 1439 1444 1447 1455 1457 1457 1460 1458 1445
1172 1174 1177 1182 1187 1189 1196 1203 1201 1201 1202 1209 1219 1219 1215 1215 1216 1217 1222 1226 1227 1233 1237 1244 1249 1253 1257 1265 1272 1270 1273 1278 1292 1293 1289 1295 1299 1306 1310 1312 1314 1318 1319 1322 1323 1326 1326 1327 1325 1328 1330 1333 1335 1336 1336 1338 1339 1345 1347 1351 1356 1359 1363 1365 1368 1373 1378 1383 1389 1395 1400 1401 1402 1403 1404 1405 1409 1415 1419 1425 1440 1446 1449 1457 1460 1460 1464 1463 1450
1169 1171 1173 1178 1182 1183 1190 1196 1193 1193 1193 1201 1211 1209 1205 1204 1205 1206 1211 1214 1216 1221 1225 1232 1237 1241 1245 1253 1260 1257 1260 1265 1279 1279 1276 1281 1286 1292 1296 1298 1301 1305 1307 1310 1311 1314 1314 1316 1314 1317 1320 1324 1326 1328 1328 1330 1332 1338 1341 1345 1351 1355 1359 1361 1366 1370 1376 1382 1388 1395 1400 1401 1404 1404 1406 1407 1412 1419 1423 1430 1445 1451 1455 1463 1466 1467 1472 1470 1458
1164 1165 1167 1171 1175 1175 1182 1188 1185 1184 1184 1191 1201 1199 1194 1193 1193 1194 1198 1202 1203 1208 1213 1219 1224 1228 1232 1240 1247 1244 1246 1251 1265 1265 1261 1267 1272 1278 1282 1284 1287 1291 1293 1296 1298 1301 1302 1304 1302 1305 1309 1312 1315 1317 1318 1320 1322 1329 1332 1337 1343 1347 1351 1354 1358 1364 1370 1376 1382 1390 1395 1396 1398 1399 1402 1403 1408 1415 1420 1426 1441 1448 1452 1460 1463 1465 1469 1468 1456
1161 1162 1163 1167 1171 1171 1178 1184 1179 1179 1179 1186 1196 1193 1188 1186 1186 1187 1192 1195 1197 1202 1207 1213 1219 1222 1226 1235 1241 1238 1240 1245 1258 1259 1255 1260 1265 1271 1276 1278 1281 1285 1287 1290 1293 1296 1297 1299 1297 1301 1304 1308 1311 1313 1314 1317 1319 1326 1329 1334 1340 1345 1349 1352 1357 1362 1369 1375 1381 1389 1394 1395 1398 1398 1401 1402 1407 1414 1419 1425 1441 1447 1451 1460 1463 1464 1469 1468 1455
1158 1158 1159 1163 1167 1167 1174 1180 1175 1175 1174 1181 1191 1189 1182 1181 1181 1182 1187 1190 1192 1198 1203 1208 1214 1217 1222 1230 1237 1233 1235 1240 1253 1254 1249 1255 1260 1266 1270 1273 1276 1280 1282 1286 1288 1292 1293 1295 1294 1297 1301 1305 1309 1311 1312 1315 1318 1324 1328 1333 1339 1344 1349 1352 1357 1362 1369 1376 1382 1389 1395 1396 1399 1400 1402 1404 1409 1416 1421 1427 1444 1450 1453 1462 1465 1467 1472 1471 1459
1154 1154 1155 1160 1163 1163 1170 1176 1171 1171 1170 1178 1188 1186 1179 1177 1177 1179 1184 1188 1190 1196 1201 1207 1213 1216 1221 1230 1237 1232 1235 1239 1252 1253 1249 1254 1259 1265 1270 1272 1275 1280 1282 1286 1288 1292 1293 1296 1295 1298 1302 1306 1310 1312 1314 1317 1320 1326 1330 1335 1342 1346 1351 1354 1359 1365 1372 1379 1385 1392 1397 1399 1401 1402 1404 1406 1411 1419 1424 1429 1446 1452 1456 1464 1467 1469 1474 1473 1461
1147 1147 1148 1152 1156 1155 1163 1169 1164 1164 1163 1171 1181 1179 1172 1170 1170 1172 1177 1181 1183 1190 1195 1201 1207 1211 1215 1225 1232 1227 1229 1233 1247 1247 1243 1249 1254 1260 1264 1267 1270 1275 1278 1281 1284 1288 1289 1293 1291 1295 1299 1303 1307 1310 1311 1314 1318 1324 1328 1334 1340 1345 1350 1353 1358 1364 1371 1378 1384 1391 1396 1398 1400 1400 1403 1405 1410 1417 1422 1428 1444 1451 1454 1462 1465 1467 1472 1471 1459
1145 1145 1146 1150 1154 1153 1161 1167 1162 1163 1162 1170 1180 1178 1170 1168 1168 1170 1176 1180 1183 1190 1195 1201 1208 1211 1216 1226 1233 1227 1230 1233 1247 1247 1242 1248 1253 1259 1263 1266 1269 1274 1277 1281 1284 1287 1289 1292 1291 1294 1299 1303 1307 1310 1311 1315 1318 1324 1328 1334 1340 1345 1350 1353 1358 1364 1371 1378 1383 1390 1396 1397 1399 1400 1402 1404 1409 1417 1422 1427 1444 1450 1453 1461 1464 1467 1472 1471 1459
1136 1135 1136 1141 1144 1143 1151 1157 1152 1153 1152 1160 1170 1168 1160 1158 1158 1160 1166 1170 1173 1180 1186 1192 1199 1202 1207 1217 1225 1219 1221 1224 1237 1237 1233 1239 1244 1250 1254 1257 1260 1265 1268 1272 1276 1280 1282 1285 1284 1288 1292 1297 1301 1304 1306 1309 1313 1320 1324 1330 1336 1341 1346 1349 1355 1361 1368 1375 1381 1388 1394 1396 1398 1399 1401 1404 1409 1417 1422 1427 1444 1451 1454 1462 1465 1468 1474 1473 1461
1128 1127 1128 1132 1136 1134 1142 1148 1143 1144 1143 1151 1161 1159 1150 1148 1148 1151 1157 1161 1164 1171 1178 1183 1190 1194 1199 1209 1217 1210 1212 1215 1228 1228 1224 1230 1235 1241 1245 1248 1251 1257 1260 1264 1268 1272 1274 1278 1277 1281 1286 1291 1296 1299 1301 1305 1309 1316 1321 1327 1334 1339 1344 1347 1354 1360 1367 1375 1381 1388 1393 1396 1398 1399 1402 1404 1410 1418 1423 1429 1447 1453 1456 1465 1468 1471 1477 1476 1465
1122 1121 1122 1126 1130 1128 1137 1143 1137 1138 1137 1146 1156 1154 1145 1142 1143 1146 1152 1156 1159 1167 1174 1179 1186 1190 1195 1206 1214 1206 1208 1211 1224 1224 1219 1226 1231 1236 1241 1244 1247 1253 1256 1261 1264 1269 1271 1275 1274 1278 1284 1289 1294 1297 1299 1303 1307 1314 1319 1326 1332 1338 1343 1346 1353 1359 1366 1374 1380 1387 1392 1395 1397 1398 1401 1404 1410 1418 1423 1429 1446 1453 1455 1464 1468 1471 1477 1476 1465
1116 1116 1116 1120 1124 1122 1131 1137 1131 1133 1132 1141 1151 1148 1139 1136 1137 1140 1146 1151 1154 1162 1169 1174 1182 1186 1191 1202 1210 1202 1204 1207 1219 1219 1214 1221 1226 1231 1236 1238 1242 1248 1252 1256 1260 1265 1268 1272 1271 1275 1281 1286 1291 1295 1297 1301 1306 1313 1318 1324 1331 1336 1342 1345 1352 1358 1365 1373 1379 1386 1392 1394 1396 1397 1401 1404 1410 1418 1423 1428 1446 1453 1455 1464 1467 1471 1477 1476 1466
1113 1112 1112 1116 1120 1118 1128 1134 1127 1129 1128 1138 1148 1145 1135 1133 1133 1137 1144 1148 1152 1160 1167 1172 1180 1184 1189 1200 1208 1199 1201 1204 1216 1216 1211 1217 1222 1227 1231 1234 1238 1244 1247 1252 1256 1261 1264 1268 1267 1271 1277 1282 1287 1291 1293 1298 1302 1309 1314 1321 1328 1333 1338 1342 1348 1354 1362 1369 1375 1382 1388 1390 1393 1393 1397 1400 1406 1414 1419 1424 1443 1449 1451 1460 1463 1468 1473 1473 1462
1108 1107 1107 1112 1116 1114 1123 1129 1123 1125 1125 1134 1144 1142 1132 1129 1130 1134 1141 1145 1149 1158 1165 1170 1178 1182 1187 1199 1206 1197 1199 1201 1213 1213 1208 1214 1219 1224 1228 1231 1235 1240 1244 1249 1253 1258 1261 1265 1264 1268 1274 1279 1285 1288 1291 1295 1300 1307 1312 1319 1325 1330 1335 1339 1346 1351 1359 1366 1372 1378 1384 1387 1389 1390 1393 1396 1402 1410 1416 1421 1439 1445 1447 1456 1459 1464 1470 1469 1459
1104 1103 1104 1108 1112 1110 1120 1126 1120 1123 1122 1132 1142 1139 1129 1126 1127 1131 1138 1143 1147 1156 1163 1168 1176 1180 1185 1198 1205 1195 1197 1199 1210 1209 1204 1210 1215 1220 1224 1226 1230 1236 1240 1245 1249 1254 1257 1261 1260 1264 1270 1275 1280 1284 1287 1291 1296 1303 1308 1315 1321 1326 1331 1334 1341 1347 1354 1362 1367 1373 1379 1382 1384 1384 1388 1391 1397 1405 1410 1415 1434 1440 1441 1450 1454 1458 1464 1464 1454
