DEM/Filtered_topo.asc
ncols         516
nrows         611
xllcorner   288845.000
yllcorner   7342325.00
cellsize   1000.00000
[rows 39 to 77 of 611, columns 0 to 88 of 516]
567 583 598 601 617 626 639 649 663 669 671 683 698 701 717 730 755 754 754 766 787 801 795 800 814 805 803 796 791 772 771 757 748 757 768 776 788 814 814 819 825 826 834 842 861 879 891 892 894 890 907 938 971 976 1008 1024 1033 1023 1058 1099 1143 1161 1180 1194 1208 1213 1187 1177 1195 1205 1205 1226 1207 1182 1184 1237 1262 1255 1240 1247 1245 1269 1282 1289 1294 1312 1333 1358 1375
575 591 606 610 626 634 648 657 672 677 679 691 706 709 725 738 763 762 762 774 795 808 802 808 821 812 809 802 797 778 776 762 753 762 772 780 792 817 817 822 827 828 836 843 862 880 890 890 891 888 905 934 966 971 1003 1018 1027 1015 1050 1090 1134 1151 1170 1183 1196 1201 1175 1164 1183 1192 1192 1214 1194 1169 1171 1224 1249 1241 1225 1232 1230 1254 1266 1273 1278 1296 1317 1342 1360
581 597 612 616 632 641 654 663 678 683 685 697 712 715 731 744 769 768 768 781 800 814 807 813 825 816 813 806 801 781 779 765 756 764 774 782 794 819 818 823 828 828 836 842 861 879 889 887 888 884 901 929 960 965 997 1011 1018 1006 1041 1080 1124 1140 1158 1171 1183 1188 1161 1151 1169 1179 1179 1200 1180 1155 1156 1210 1235 1226 1210 1216 1214 1237 1250 1256 1261 1280 1301 1326 1344
576 592 605 610 625 634 647 656 670 676 677 689 704 707 723 736 760 759 759 772 791 804 797 803 815 805 803 796 790 770 768 754 745 753 763 770 782 807 807 811 816 816 824 830 849 866 876 874 874 871 888 915 945 950 983 996 1003 990 1025 1064 1108 1124 1142 1154 1167 1172 1145 1134 1153 1163 1164 1186 1166 1141 1142 1197 1222 1212 1196 1203 1200 1224 1237 1243 1248 1267 1288 1314 1333
576 591 605 609 625 634 647 655 669 675 677 689 704 706 722 735 759 759 759 772 791 804 797 803 815 805 803 796 790 770 768 754 745 754 763 770 782 808 807 811 816 817 824 830 849 867 876 872 872 870 886 912 941 947 980 993 999 985 1020 1059 1103 1118 1135 1147 1159 1165 1138 1127 1146 1156 1156 1180 1159 1133 1135 1190 1215 1205 1188 1194 1191 1214 1227 1233 1239 1258 1279 1305 1324
573 588 602 606 622 631 644 652 666 672 674 686 701 703 719 732 756 756 756 770 788 800 794 800 812 802 799 793 787 766 765 751 742 750 759 767 779 804 803 807 813 813 820 826 845 863 871 866 866 865 881 906 933 940 973 985 991 976 1011 1049 1093 1108 1125 1136 1148 1153 1126 1115 1134 1145 1145 1169 1147 1122 1123 1179 1204 1192 1175 1181 1178 1201 1214 1219 1225 1244 1265 1291 1310
567 582 595 600 615 624 636 645 658 664 666 678 692 695 711 724 747 747 748 761 779 791 785 791 803 792 790 784 778 757 756 743 734 742 751 758 770 796 795 799 805 806 813 819 838 856 864 858 858 858 874 898 925 932 965 977 983 967 1003 1041 1084 1099 1115 1127 1138 1144 1118 1106 1126 1137 1138 1162 1141 1115 1116 1173 1198 1186 1169 1174 1171 1194 1206 1212 1218 1237 1258 1284 1304
564 579 592 597 612 621 633 641 655 660 663 674 689 691 707 720 743 744 745 759 777 788 782 788 800 789 788 782 776 755 754 741 732 740 749 757 769 795 794 798 804 805 812 818 838 855 863 856 856 856 872 896 921 929 962 974 979 963 998 1036 1079 1094 1109 1120 1132 1137 1111 1100 1120 1131 1132 1157 1135 1110 1110 1167 1192 1179 1162 1167 1164 1186 1198 1204 1209 1229 1249 1275 1295
559 573 585 590 605 614 626 634 647 653 655 667 681 684 699 712 735 736 737 751 768 779 774 780 791 780 778 773 766 745 744 731 723 731 739 746 758 784 783 787 793 795 801 807 826 844 851 843 843 844 859 882 906 915 947 959 963 946 981 1018 1061 1076 1091 1101 1112 1118 1092 1080 1101 1113 1113 1139 1117 1092 1092 1150 1174 1160 1143 1148 1144 1166 1179 1184 1190 1210 1230 1256 1277
562 577 589 594 609 618 631 639 652 658 660 672 686 689 705 718 740 742 743 757 774 785 779 786 797 786 784 779 773 751 750 738 730 737 745 752 764 790 789 793 799 800 806 812 831 848 855 846 845 847 861 883 906 915 947 958 962 944 979 1015 1057 1071 1085 1095 1106 1111 1085 1073 1093 1106 1106 1132 1110 1084 1084 1142 1166 1151 1134 1138 1134 1155 1168 1173 1178 1198 1217 1244 1265
562 576 588 594 609 618 630 638 651 657 660 672 686 689 705 718 741 743 744 759 775 786 781 788 799 788 786 782 775 753 753 741 733 740 748 756 767 793 792 796 802 804 810 815 835 852 858 848 847 849 864 885 906 916 948 958 961 943 977 1013 1054 1068 1082 1090 1101 1106 1081 1068 1088 1101 1101 1127 1105 1079 1079 1137 1160 1144 1127 1131 1126 1147 1159 1164 1169 1189 1208 1234 1255
559 573 584 591 606 615 627 635 648 654 657 669 683 686 702 715 738 740 741 756 773 783 778 785 796 785 784 780 773 751 751 739 732 739 747 754 765 792 790 794 801 802 808 814 833 850 856 844 844 847 861 881 901 911 943 953 956 936 971 1005 1047 1060 1073 1081 1091 1097 1072 1059 1079 1093 1093 1119 1096 1071 1070 1128 1151 1135 1117 1121 1116 1136 1148 1152 1158 1177 1196 1222 1243
559 573 585 591 606 616 628 635 648 654 658 669 683 687 702 716 738 741 742 758 773 784 779 786 796 785 784 780 774 752 752 740 733 740 747 754 766 792 790 794 800 802 807 813 833 849 854 841 841 844 858 876 896 906 938 947 949 929 962 996 1037 1049 1062 1070 1079 1085 1059 1046 1067 1081 1080 1107 1084 1058 1057 1116 1138 1121 1103 1106 1101 1121 1132 1136 1141 1161 1179 1206 1226
555 569 580 586 601 611 622 630 642 648 652 663 677 680 695 709 730 734 735 750 766 776 771 778 788 777 776 772 765 743 743 732 725 732 739 746 757 783 782 785 792 794 799 805 825 841 846 832 832 836 849 867 886 896 929 937 939 919 952 986 1026 1038 1051 1058 1068 1074 1049 1036 1057 1072 1072 1099 1076 1051 1050 1109 1131 1113 1096 1099 1094 1114 1125 1129 1135 1155 1173 1200 1221
548 561 572 578 593 602 614 621 633 639 642 653 667 670 685 698 719 723 725 740 755 764 760 767 777 765 765 762 754 732 732 721 715 722 729 736 747 773 772 776 783 785 791 796 816 833 837 823 823 828 841 859 876 888 920 929 930 909 943 976 1017 1029 1041 1048 1058 1065 1040 1028 1050 1065 1065 1094 1071 1046 1045 1104 1127 1109 1092 1095 1090 1109 1121 1125 1131 1151 1169 1196 1218
546 559 569 575 590 599 610 617 629 634 638 649 662 665 680 693 713 717 719 734 748 757 753 760 769 757 757 754 746 724 724 713 706 713 719 726 737 762 761 764 771 774 778 784 803 819 823 808 807 813 825 842 858 870 902 910 911 889 922 954 994 1006 1017 1024 1033 1040 1016 1003 1025 1041 1042 1071 1048 1023 1022 1081 1103 1084 1067 1071 1066 1084 1096 1100 1106 1126 1144 1171 1193
545 557 567 574 588 597 608 614 626 631 635 646 658 662 676 689 709 713 715 730 743 752 747 754 763 751 750 748 740 717 717 706 700 706 712 718 729 754 752 755 763 765 769 775 794 810 812 796 796 802 814 829 844 856 888 895 896 873 906 938 977 988 999 1005 1014 1021 997 985 1007 1023 1024 1053 1030 1006 1005 1064 1086 1067 1050 1053 1048 1066 1078 1082 1089 1109 1126 1154 1176
542 555 564 571 585 594 605 611 623 628 632 642 655 658 672 685 705 709 711 726 739 747 743 751 759 747 746 744 736 713 713 703 697 703 708 714 724 750 748 751 759 761 765 770 790 805 807 790 790 796 808 823 836 849 880 887 887 865 897 928 966 977 987 993 1002 1009 986 973 995 1012 1013 1043 1020 995 994 1054 1075 1055 1039 1041 1036 1054 1065 1069 1076 1096 1113 1141 1163
537 549 558 565 578 587 597 603 614 619 622 632 644 647 660 673 692 696 698 713 724 732 728 735 742 730 729 727 718 695 695 684 679 684 689 694 704 729 727 730 737 740 744 749 768 783 785 766 766 773 784 799 811 824 855 862 862 838 871 900 939 949 959 965 974 981 959 946 969 987 989 1019 996 972 971 1031 1052 1032 1016 1019 1015 1032 1044 1048 1055 1076 1093 1121 1144
533 544 552 559 571 580 590 595 606 610 614 623 634 637 650 662 680 684 685 700 711 718 713 720 727 714 713 711 702 678 678 667 662 666 670 676 685 710 707 709 717 719 723 727 746 761 762 743 742 750 761 774 785 798 829 835 835 811 843 872 910 920 929 935 943 951 929 917 940 959 961 991 969 945 945 1004 1025 1005 990 993 988 1006 1017 1022 1029 1050 1067 1096 1119
530 541 548 554 567 575 585 590 599 603 607 615 626 629 641 652 669 673 675 689 699 705 701 707 713 700 699 697 688 663 663 652 646 651 654 659 667 692 689 691 698 700 704 708 727 741 742 721 721 729 739 751 761 775 806 811 810 786 817 846 883 893 902 907 915 923 902 890 914 934 936 967 945 922 922 981 1002 982 967 970 966 983 995 1000 1008 1029 1046 1075 1099
525 535 542 548 560 568 577 582 591 595 599 607 617 620 631 643 659 663 665 679 688 694 690 696 702 689 687 686 677 652 652 641 636 640 643 648 657 681 678 680 688 690 694 698 717 732 732 711 711 720 730 742 751 766 796 802 801 777 808 836 873 883 892 897 906 914 894 883 908 928 931 963 941 919 919 980 1000 980 966 969 966 983 995 1000 1009 1030 1047 1076 1101
525 536 542 549 561 569 578 583 592 596 599 607 618 620 632 643 659 663 665 680 688 693 690 696 701 689 687 685 676 652 652 641 636 640 642 647 655 679 676 677 686 688 691 695 714 728 727 705 705 714 724 735 743 757 787 792 791 766 797 823 860 869 877 882 890 898 879 867 892 913 916 948 926 904 904 964 984 962 949 952 948 965 977 981 990 1012 1028 1057 1082
520 530 537 543 555 563 572 577 586 590 593 602 612 614 626 637 653 658 660 674 682 687 684 691 696 683 682 681 672 647 647 637 633 636 638 643 651 674 671 673 681 684 687 691 710 724 723 699 700 709 719 729 736 751 780 785 783 757 788 813 849 858 865 869 877 886 867 855 880 901 904 937 914 893 892 951 971 949 936 938 934 950 962 965 974 996 1011 1040 1065
517 527 533 539 551 559 568 572 581 585 588 596 605 608 619 630 645 650 652 666 674 678 674 681 686 673 671 670 661 637 636 627 622 625 627 631 638 662 658 660 668 671 673 678 696 709 708 684 684 694 703 712 718 733 763 766 764 739 768 793 828 836 844 847 855 864 846 835 860 882 885 918 896 875 874 933 952 930 918 921 916 932 944 948 957 979 994 1023 1048
512 521 527 534 545 554 562 567 575 579 583 591 601 603 614 625 640 645 648 662 670 674 671 678 682 670 669 668 659 635 635 625 622 625 626 630 637 660 657 658 667 670 673 677 695 708 706 681 682 692 700 709 714 729 758 761 759 733 762 785 819 827 833 837 844 852 835 823 848 871 874 906 884 863 862 920 938 915 903 905 901 915 927 930 939 960 975 1003 1028
510 520 526 533 544 553 562 566 575 579 583 591 601 604 615 626 640 646 649 664 671 675 672 680 684 672 671 671 662 638 638 629 626 629 630 634 641 664 660 662 671 674 676 680 698 711 708 683 683 694 702 710 713 729 757 759 756 730 758 781 813 820 826 828 835 843 826 814 839 862 865 897 874 853 852 909 926 902 890 891 886 900 910 913 921 942 956 983 1008
504 514 519 527 538 546 555 560 568 572 576 584 594 597 608 619 633 639 642 657 663 667 665 673 676 664 663 664 655 631 631 623 620 623 623 627 633 656 652 654 663 666 668 672 690 702 699 673 673 685 692 699 701 717 745 746 743 716 743 765 797 803 808 810 816 824 807 796 820 844 847 879 856 835 833 889 906 881 869 870 865 878 888 889 898 918 931 958 982
502 511 516 524 535 544 552 557 565 569 574 582 591 594 605 616 629 636 639 654 660 663 662 670 673 661 660 661 652 629 629 620 618 621 621 624 630 652 649 650 659 662 664 668 685 698 694 667 667 679 685 692 693 709 735 737 733 705 732 752 783 789 793 794 800 808 792 780 804 828 831 863 840 819 817 872 888 862 851 851 845 858 867 868 877 897 909 936 959
497 506 512 519 530 539 547 552 560 564 568 576 585 588 599 609 623 629 633 648 653 656 655 663 666 654 653 655 646 622 622 614 612 615 614 617 623 645 641 642 652 655 657 661 677 690 685 657 658 670 676 682 682 698 724 725 721 693 719 739 769 774 777 778 784 792 776 765 789 814 817 848 825 805 803 857 872 846 835 835 830 841 850 851 860 880 891 917 941
492 500 505 513 523 532 540 544 552 556 561 568 576 580 590 600 613 619 623 638 642 645 644 652 654 642 642 643 634 611 611 603 601 603 602 605 610 631 628 629 638 641 643 647 663 675 670 642 643 655 661 666 665 681 707 707 703 675 700 718 748 752 755 756 761 770 754 743 768 793 796 828 805 785 783 836 851 825 814 814 809 820 829 829 838 858 869 895 919
482 490 495 502 512 521 529 533 540 544 549 556 564 568 577 588 600 607 610 625 630 632 631 640 642 630 630 632 623 600 600 593 591 594 593 595 600 621 618 619 629 632 635 638 655 667 662 633 634 647 653 658 656 673 698 698 694 666 691 709 737 742 745 745 751 759 745 734 759 785 789 820 798 778 776 829 843 816 806 806 801 811 820 820 829 849 859 885 909
474 482 486 493 503 512 520 524 531 535 539 547 554 558 567 578 589 597 601 615 619 622 622 630 632 621 621 623 615 592 593 586 585 587 586 589 594 615 612 613 623 627 630 634 650 662 657 628 630 643 649 654 652 668 694 694 690 662 687 704 731 736 739 739 744 753 740 729 755 781 785 817 795 775 773 825 839 812 803 802 797 807 815 815 824 843 853 878 902
465 473 476 484 493 501 509 513 519 523 528 534 542 545 554 564 575 583 587 601 605 607 607 615 617 606 606 609 600 578 578 572 571 574 572 574 579 600 597 598 609 613 615 620 636 648 643 613 616 630 635 640 637 654 679 679 675 647 672 688 715 720 722 722 728 737 725 715 740 768 772 804 782 763 762 813 826 799 791 790 785 795 803 803 812 831 840 865 889
456 463 467 474 483 491 498 502 508 512 516 523 530 533 542 552 562 570 574 589 592 593 594 603 604 593 593 597 589 567 568 562 562 564 563 565 570 590 588 589 600 605 608 613 630 642 637 607 610 625 631 635 632 650 675 675 672 644 669 684 711 716 718 719 725 735 723 714 741 769 774 806 785 767 765 816 829 802 795 795 790 799 807 807 816 835 844 869 892
450 457 460 467 476 484 491 494 500 504 508 514 521 525 533 543 553 560 565 579 582 583 584 593 593 584 584 587 580 558 559 553 554 556 554 556 561 581 579 580 592 596 600 605 621 633 628 598 602 617 622 627 623 641 666 666 663 636 659 674 701 705 707 708 714 724 714 705 732 761 767 798 777 760 759 809 821 794 788 787 782 791 799 799 808 827 835 860 884
442 449 452 458 467 474 481 484 490 493 497 503 510 513 521 530 540 547 551 566 568 568 570 578 579 569 569 573 565 544 545 539 540 542 540 542 546 566 564 565 577 582 586 590 607 619 614 584 588 603 608 612 609 627 651 651 648 621 644 659 685 689 691 692 697 708 699 691 718 748 754 786 765 749 748 797 809 782 777 776 772 780 788 787 797 816 824 849 872
433 440 442 449 457 465 471 474 480 483 487 493 499 503 510 519 529 536 541 555 557 558 560 569 569 560 560 565 558 537 538 533 535 538 535 538 542 561 560 561 574 579 583 588 605 617 612 582 587 603 608 613 609 627 652 652 649 622 645 659 685 689 691 692 698 709 701 693 720 751 758 789 769 753 752 801 812 785 780 780 775 783 791 790 799 818 825 849 872
427 433 436 442 450 458 464 467 472 475 480 485 491 495 502 511 520 528 533 547 548 549 551 560 560 552 552 557 550 530 531 527 529 531 529 531 535 554 553 555 567 573 577 582 599 611 606 576 581 598 603 607 602 621 645 645 642 616 638 651 676 680 682 682 688 700 692 685 713 744 751 782 762 747 746 793 804 777 773 772 767 774 782 780 790 808 815 838 861
