DEM/Filtered_topo.asc
ncols         516
nrows         611
xllcorner   288845.000
yllcorner   7342325.00
cellsize   1000.00000
[rows 273 to 311 of 611, columns 0 to 88 of 516]
-15 -15 -15 -17 -16 -18 -18 -19 -19 -20 -22 -22 -22 -23 -23 -24 -23 -25 -28 -29 -27 -27 -30 -31 -31 -33 -35 -38 -39 -40 -41 -44 -47 -47 -48 -48 -48 -47 -48 -48 -48 -48 -46 -43 -40 -36 -31 -27 -24 -22 -17 -10 -3 1 8 15 22 30 41 50 57 66 73 82 93 102 105 111 120 130 137 139 141 141 148 156 163 169 175 178 185 194 203 209 215 223 231 239 248
-13 -13 -13 -15 -15 -16 -16 -17 -18 -19 -21 -21 -21 -22 -22 -23 -22 -25 -27 -28 -27 -27 -30 -31 -31 -34 -36 -38 -40 -41 -42 -46 -49 -49 -50 -50 -51 -49 -50 -50 -51 -51 -49 -47 -44 -40 -35 -32 -29 -27 -23 -16 -9 -4 2 9 16 23 34 43 50 59 66 75 86 95 98 104 113 122 130 132 134 134 141 150 157 164 169 172 180 189 198 205 211 219 228 236 246
-13 -12 -13 -14 -14 -15 -16 -17 -17 -19 -20 -21 -20 -22 -22 -22 -21 -24 -26 -27 -26 -26 -29 -31 -31 -33 -35 -38 -39 -41 -42 -45 -49 -49 -50 -50 -51 -49 -50 -50 -52 -52 -50 -48 -45 -41 -37 -34 -31 -30 -25 -19 -12 -7 0 5 12 19 30 38 45 54 60 69 81 89 92 97 107 116 123 125 127 127 134 143 150 157 162 165 173 181 191 197 204 213 221 230 239
-12 -11 -12 -14 -13 -15 -15 -16 -17 -18 -20 -20 -20 -21 -21 -22 -21 -23 -26 -27 -26 -26 -29 -30 -30 -33 -35 -37 -39 -41 -41 -45 -48 -49 -49 -50 -50 -49 -50 -50 -52 -52 -50 -48 -46 -42 -38 -35 -33 -31 -27 -21 -14 -9 -2 3 9 16 27 35 42 50 57 65 77 85 88 93 102 111 118 121 123 123 130 139 146 153 158 161 168 177 187 193 200 209 218 227 237
-12 -11 -12 -13 -13 -14 -15 -16 -16 -18 -20 -20 -19 -21 -21 -21 -20 -23 -25 -26 -25 -25 -28 -30 -30 -32 -34 -37 -38 -40 -41 -44 -48 -48 -49 -50 -50 -49 -50 -50 -51 -52 -50 -49 -46 -42 -39 -36 -34 -33 -28 -23 -16 -12 -5 0 6 12 23 31 38 46 52 61 72 81 83 88 97 105 112 115 117 117 124 133 140 146 151 154 162 171 180 187 194 203 212 221 231
-11 -10 -11 -12 -12 -14 -14 -15 -16 -17 -19 -19 -18 -20 -20 -20 -19 -21 -24 -25 -24 -24 -27 -28 -28 -30 -32 -35 -36 -38 -39 -42 -45 -46 -46 -47 -47 -46 -47 -48 -49 -49 -48 -47 -44 -41 -37 -35 -33 -31 -27 -22 -15 -11 -4 0 6 12 22 31 37 45 51 59 71 79 81 86 94 102 109 112 114 114 120 130 137 143 148 151 158 167 177 184 191 200 210 219 229
-10 -9 -10 -11 -11 -12 -12 -13 -14 -15 -16 -17 -16 -17 -17 -17 -16 -18 -21 -21 -20 -20 -23 -24 -24 -26 -28 -30 -32 -34 -34 -38 -41 -41 -42 -42 -43 -41 -42 -43 -44 -45 -44 -42 -40 -36 -33 -31 -30 -28 -24 -19 -13 -8 -2 2 8 13 24 32 38 46 52 60 71 79 81 86 94 102 108 112 113 113 120 130 137 143 147 151 158 167 176 183 190 200 210 219 229
-8 -7 -8 -9 -9 -9 -9 -10 -11 -12 -13 -13 -12 -13 -13 -13 -11 -13 -15 -16 -15 -14 -17 -18 -18 -20 -22 -24 -25 -28 -28 -31 -34 -35 -35 -36 -36 -35 -36 -37 -38 -39 -38 -38 -35 -32 -29 -27 -27 -25 -21 -17 -11 -8 -1 2 7 12 22 30 35 43 48 56 66 74 75 79 87 95 101 104 105 105 111 121 128 134 138 141 148 156 166 173 180 190 200 209 220
-5 -4 -4 -5 -5 -5 -5 -6 -6 -7 -8 -7 -6 -7 -6 -6 -5 -6 -8 -8 -7 -7 -9 -11 -10 -12 -13 -16 -17 -19 -20 -23 -26 -27 -27 -28 -28 -27 -28 -29 -31 -32 -32 -31 -29 -26 -24 -23 -23 -21 -18 -14 -9 -6 0 3 7 11 21 28 33 40 45 52 62 69 70 74 81 88 93 96 97 97 102 113 119 125 129 132 138 147 157 163 170 180 191 201 211
-3 -1 -1 -2 -1 -1 -1 -1 -1 -1 -2 -1 0 -1 0 0 2 0 0 0 0 1 -1 -2 -1 -3 -4 -6 -8 -10 -10 -13 -17 -17 -18 -19 -19 -18 -20 -21 -23 -24 -24 -24 -22 -20 -18 -17 -18 -17 -14 -11 -6 -4 1 4 8 11 20 27 31 37 41 48 57 63 64 67 74 80 85 88 88 87 93 103 109 114 118 120 127 135 145 152 159 169 180 190 200
0 0 1 0 1 1 2 2 2 2 1 2 4 3 5 6 7 6 5 5 6 7 5 4 5 3 2 0 -1 -3 -3 -6 -9 -10 -11 -12 -12 -11 -13 -14 -16 -17 -18 -18 -17 -15 -13 -13 -14 -13 -10 -7 -4 -1 3 6 9 12 20 26 30 36 40 46 55 61 60 63 70 76 80 83 83 82 87 98 104 109 112 115 121 129 139 146 153 163 174 185 196
0 2 2 2 3 3 3 3 3 3 3 4 5 5 6 7 9 8 7 7 9 9 7 6 7 5 4 2 1 0 -1 -3 -7 -7 -8 -9 -9 -8 -10 -11 -13 -14 -15 -15 -14 -12 -11 -11 -12 -11 -9 -6 -2 0 4 7 9 12 20 26 30 36 39 45 54 59 59 62 68 74 78 81 81 80 85 96 102 106 110 112 118 127 137 144 151 161 173 183 194
1 3 3 3 5 5 6 5 6 6 6 7 9 8 10 11 13 12 11 11 13 14 11 11 12 10 9 7 6 4 3 1 -2 -2 -3 -4 -4 -3 -5 -7 -9 -10 -11 -12 -11 -9 -8 -9 -10 -10 -8 -6 -3 -1 3 5 7 9 16 22 26 31 34 39 47 52 51 54 59 64 68 71 71 70 74 84 91 95 97 100 105 114 123 130 137 148 159 170 181
5 7 7 7 8 9 9 9 9 9 9 10 12 12 14 15 16 16 14 15 16 17 15 14 15 13 12 10 8 6 5 3 0 -1 -2 -3 -3 -2 -4 -6 -8 -10 -11 -12 -12 -10 -10 -11 -12 -12 -10 -9 -6 -4 0 1 3 4 11 17 20 24 27 32 40 45 44 46 51 56 60 63 63 62 66 77 83 87 90 92 98 106 116 123 130 141 152 163 175
7 9 9 10 11 11 12 12 12 12 12 13 15 15 17 18 20 19 18 18 20 20 18 17 18 16 15 13 11 8 8 5 2 1 0 -1 -1 -1 -3 -5 -8 -10 -11 -13 -12 -11 -11 -13 -15 -15 -13 -12 -10 -8 -4 -3 -2 -1 5 10 13 17 19 24 31 36 35 37 42 47 50 54 53 52 56 67 73 77 80 82 88 96 106 113 121 132 144 155 167
9 10 10 11 12 12 13 13 13 13 13 14 16 15 17 18 19 19 17 18 19 19 17 16 17 15 14 12 10 7 6 4 0 0 -1 -2 -3 -2 -5 -7 -9 -11 -13 -15 -14 -13 -13 -15 -17 -17 -16 -14 -13 -11 -7 -6 -4 -4 2 7 10 14 16 20 28 33 32 34 38 43 47 51 51 49 54 65 71 75 78 81 87 95 105 113 120 132 144 156 168
9 10 11 11 12 12 13 13 13 13 13 14 16 16 18 19 20 20 19 20 21 21 19 18 19 17 16 14 13 10 9 6 3 2 1 0 0 0 -2 -3 -6 -8 -10 -12 -11 -11 -11 -13 -15 -15 -14 -13 -11 -10 -6 -5 -4 -4 1 6 9 12 15 18 26 30 29 30 35 40 43 47 47 45 49 61 67 70 73 76 81 90 100 107 115 126 139 150 162
7 8 8 9 10 10 11 11 11 11 11 12 15 15 16 17 19 19 18 19 20 20 18 18 19 17 16 15 13 10 10 7 4 3 2 1 1 2 0 -1 -4 -5 -7 -9 -8 -8 -8 -10 -12 -12 -11 -10 -9 -7 -4 -3 -2 -3 3 7 10 13 15 19 26 30 29 30 34 39 42 46 45 44 47 59 65 68 70 73 78 86 96 103 110 122 134 145 157
5 6 6 6 8 8 9 8 9 9 9 10 12 12 13 14 16 16 15 16 17 18 16 15 16 15 14 13 11 8 8 6 3 2 1 0 0 1 0 -2 -4 -6 -8 -9 -8 -8 -8 -10 -13 -12 -11 -10 -9 -7 -4 -3 -2 -3 2 7 9 12 14 17 24 28 27 28 32 36 39 44 43 41 45 56 62 65 68 70 75 83 92 100 107 118 130 142 153
5 6 6 7 8 8 9 9 9 9 9 10 12 12 14 15 17 17 16 17 18 19 17 16 17 16 15 14 12 9 9 7 4 3 2 1 1 2 0 -1 -3 -5 -7 -8 -8 -7 -8 -10 -13 -13 -12 -11 -10 -9 -5 -5 -4 -6 0 3 6 9 10 13 20 24 22 23 27 31 34 38 37 36 39 51 56 59 61 64 69 77 86 93 100 112 124 136 147
6 7 7 7 8 9 10 9 9 10 10 11 13 13 14 15 17 17 16 17 18 18 17 16 17 15 15 13 12 9 8 6 4 2 1 0 0 1 0 -2 -4 -6 -8 -10 -9 -9 -10 -13 -15 -15 -14 -14 -13 -12 -9 -8 -8 -9 -4 0 1 4 6 8 14 18 17 18 21 25 28 33 32 31 34 46 51 54 56 59 63 72 81 88 96 107 119 131 143
4 5 5 6 7 7 7 7 7 7 7 8 10 10 11 13 14 14 13 14 15 15 14 13 14 12 12 11 9 6 5 4 1 0 0 -1 -1 0 -2 -4 -6 -7 -10 -11 -11 -10 -11 -14 -17 -16 -15 -15 -15 -13 -10 -10 -9 -11 -6 -1 0 2 4 6 12 16 15 16 19 23 26 30 30 28 32 43 49 52 54 57 61 69 78 86 93 104 116 128 140
1 2 2 2 3 3 4 3 3 3 3 3 5 5 6 7 9 9 8 9 10 10 8 8 8 7 7 5 4 1 0 -1 -3 -4 -5 -5 -5 -4 -6 -7 -9 -11 -13 -14 -14 -13 -14 -17 -19 -18 -17 -17 -16 -15 -11 -11 -11 -12 -7 -3 -1 1 3 5 11 15 14 15 19 22 25 30 30 29 32 44 49 52 54 57 61 69 78 85 92 103 115 127 139
0 1 1 1 1 1 1 1 0 0 0 0 1 1 2 3 4 4 3 4 5 5 3 3 3 2 2 0 -1 -4 -4 -6 -8 -9 -9 -10 -10 -8 -10 -11 -13 -14 -16 -18 -17 -16 -17 -20 -22 -21 -19 -19 -18 -17 -13 -12 -12 -14 -8 -4 -2 0 2 5 11 15 14 15 19 23 25 31 31 30 33 45 51 53 56 58 62 70 79 87 94 105 117 129 140
0 0 0 0 0 0 0 -1 -2 -2 -3 -2 -1 -2 -1 0 0 0 -1 0 0 0 -2 -2 -2 -4 -4 -5 -7 -10 -11 -12 -14 -15 -16 -16 -16 -15 -17 -18 -19 -20 -22 -24 -23 -22 -23 -25 -27 -26 -25 -24 -23 -21 -18 -17 -16 -18 -12 -8 -6 -3 -1 1 7 11 11 12 16 20 23 29 30 29 32 45 51 53 56 59 63 71 80 88 95 106 118 130 141
0 0 0 -1 -1 -1 -2 -3 -4 -5 -6 -6 -5 -5 -5 -4 -4 -4 -5 -5 -5 -5 -7 -8 -8 -9 -9 -11 -13 -16 -17 -19 -20 -21 -22 -23 -23 -21 -23 -24 -25 -26 -28 -29 -28 -28 -28 -31 -33 -31 -29 -29 -28 -26 -22 -21 -20 -22 -16 -12 -9 -6 -4 -1 4 9 8 10 14 19 22 28 29 28 32 45 51 54 56 59 64 72 81 89 96 107 119 131 143
-1 -1 -2 -3 -3 -4 -5 -6 -7 -8 -9 -10 -9 -10 -10 -9 -9 -9 -11 -10 -11 -11 -13 -14 -14 -16 -16 -17 -20 -23 -24 -25 -27 -28 -29 -29 -29 -27 -29 -30 -31 -32 -34 -35 -34 -33 -33 -36 -37 -36 -34 -33 -32 -30 -26 -25 -24 -25 -20 -15 -12 -9 -7 -4 2 6 6 8 12 17 21 27 28 28 32 45 51 54 57 60 64 72 82 89 97 108 120 132 143
-1 -1 -3 -4 -4 -5 -6 -7 -9 -10 -11 -12 -11 -12 -12 -12 -12 -13 -14 -14 -14 -15 -17 -18 -18 -20 -20 -22 -24 -28 -28 -30 -31 -33 -33 -34 -33 -32 -33 -34 -35 -36 -38 -39 -38 -37 -37 -40 -41 -40 -38 -37 -36 -33 -29 -28 -27 -29 -23 -18 -16 -12 -10 -7 -1 3 3 5 10 15 18 25 26 27 30 43 50 53 56 59 64 72 81 89 96 108 119 131 143
-2 -3 -4 -5 -6 -7 -8 -9 -11 -12 -14 -14 -14 -15 -15 -15 -15 -15 -17 -17 -17 -18 -20 -21 -21 -23 -23 -24 -27 -30 -31 -32 -34 -35 -35 -36 -35 -34 -35 -36 -37 -37 -39 -40 -39 -38 -38 -41 -42 -40 -38 -37 -37 -34 -30 -28 -27 -29 -24 -19 -16 -13 -11 -8 -2 2 2 4 9 13 17 24 25 26 29 42 49 51 54 58 62 70 79 87 94 105 117 129 140
-3 -4 -6 -7 -7 -8 -9 -11 -13 -14 -15 -16 -15 -16 -17 -16 -17 -17 -18 -18 -19 -19 -21 -22 -22 -24 -24 -25 -27 -31 -32 -33 -34 -35 -35 -36 -35 -34 -35 -35 -36 -36 -38 -39 -38 -37 -37 -40 -41 -39 -37 -36 -35 -33 -29 -27 -27 -29 -23 -19 -16 -13 -11 -8 -2 1 1 3 8 12 16 23 24 24 28 40 47 49 52 55 59 67 76 83 90 101 112 124 135
-4 -4 -6 -7 -8 -9 -10 -11 -13 -14 -16 -16 -16 -17 -17 -17 -17 -18 -19 -19 -19 -20 -22 -23 -23 -25 -25 -26 -28 -32 -32 -34 -35 -35 -36 -36 -36 -34 -35 -36 -36 -37 -38 -39 -38 -37 -38 -40 -42 -40 -38 -37 -36 -34 -30 -29 -28 -30 -25 -21 -18 -16 -13 -11 -6 -1 -1 0 4 9 12 19 20 20 24 36 42 45 47 51 54 62 71 78 85 96 106 118 129
-4 -5 -7 -8 -8 -9 -10 -12 -14 -15 -16 -17 -17 -18 -18 -18 -18 -18 -19 -19 -20 -21 -22 -23 -23 -24 -24 -25 -28 -31 -32 -33 -34 -35 -35 -35 -35 -33 -34 -35 -35 -35 -37 -38 -37 -36 -36 -39 -40 -38 -37 -36 -36 -33 -29 -28 -28 -30 -25 -21 -19 -17 -14 -12 -7 -3 -3 -1 2 6 9 16 17 17 21 33 38 41 43 46 50 57 65 72 79 90 100 111 122
-5 -6 -8 -9 -9 -10 -11 -13 -14 -16 -17 -18 -17 -18 -18 -18 -18 -19 -20 -19 -20 -21 -22 -23 -23 -24 -24 -25 -27 -31 -31 -32 -33 -34 -34 -34 -34 -32 -33 -33 -34 -34 -35 -36 -35 -34 -35 -38 -39 -37 -35 -35 -35 -32 -29 -28 -27 -30 -25 -22 -19 -17 -15 -14 -9 -5 -5 -3 0 3 6 14 14 14 17 29 34 36 39 42 45 52 60 66 73 83 93 104 115
-5 -6 -8 -8 -9 -10 -11 -12 -14 -15 -17 -17 -17 -18 -18 -18 -18 -18 -19 -19 -19 -20 -21 -22 -23 -24 -23 -24 -26 -30 -31 -32 -32 -33 -33 -33 -33 -31 -32 -33 -33 -33 -34 -35 -34 -33 -34 -37 -39 -37 -35 -35 -35 -33 -29 -28 -28 -31 -27 -23 -21 -19 -17 -16 -12 -8 -8 -7 -3 0 3 10 10 10 13 24 30 31 34 37 39 46 54 60 67 77 86 97 108
-7 -7 -9 -10 -11 -11 -12 -14 -15 -16 -18 -18 -18 -19 -19 -19 -19 -19 -20 -19 -20 -21 -22 -22 -23 -24 -23 -24 -26 -30 -31 -31 -31 -32 -32 -32 -32 -30 -31 -31 -31 -32 -33 -34 -33 -32 -33 -36 -37 -35 -34 -33 -33 -31 -28 -27 -27 -30 -26 -23 -21 -20 -18 -17 -13 -9 -9 -8 -5 -1 1 8 8 8 10 22 27 28 30 33 35 42 49 55 61 71 80 91 101
-6 -7 -9 -10 -10 -11 -12 -13 -15 -16 -17 -18 -18 -19 -19 -18 -19 -19 -20 -19 -20 -21 -22 -22 -22 -23 -23 -24 -26 -29 -30 -31 -31 -32 -32 -32 -31 -30 -30 -31 -31 -31 -32 -33 -32 -31 -32 -36 -37 -35 -33 -33 -33 -31 -28 -27 -27 -31 -27 -24 -22 -21 -19 -19 -15 -12 -12 -11 -8 -4 -1 4 4 5 7 18 22 24 26 28 31 37 44 50 56 65 74 85 95
-6 -7 -8 -9 -10 -11 -12 -13 -15 -16 -17 -17 -17 -18 -18 -18 -18 -18 -19 -18 -19 -20 -21 -21 -22 -23 -22 -23 -25 -29 -29 -30 -30 -31 -31 -31 -30 -29 -30 -30 -30 -30 -31 -32 -31 -31 -32 -35 -36 -34 -33 -33 -33 -31 -28 -28 -28 -32 -28 -26 -24 -23 -21 -21 -18 -15 -15 -14 -11 -7 -5 1 1 1 3 14 18 19 21 24 26 32 39 45 50 59 68 78 88
-8 -9 -10 -11 -12 -12 -13 -14 -16 -17 -18 -18 -18 -19 -19 -19 -19 -19 -20 -19 -20 -21 -21 -21 -22 -23 -22 -23 -25 -28 -29 -29 -29 -30 -30 -30 -29 -28 -28 -29 -28 -28 -30 -30 -30 -29 -30 -34 -35 -33 -32 -32 -32 -30 -27 -27 -27 -31 -28 -26 -24 -23 -22 -22 -19 -16 -16 -16 -13 -10 -7 -1 -1 -1 0 10 14 15 17 19 21 26 33 39 44 53 61 71 80
-8 -9 -10 -11 -12 -12 -13 -14 -16 -17 -18 -19 -18 -19 -19 -19 -19 -19 -20 -19 -20 -21 -21 -21 -22 -22 -22 -22 -24 -28 -29 -29 -29 -29 -29 -29 -29 -27 -28 -28 -27 -28 -29 -30 -29 -28 -30 -33 -34 -32 -31 -31 -31 -30 -27 -27 -27 -31 -29 -26 -25 -24 -23 -23 -21 -18 -18 -18 -15 -12 -10 -3 -4 -4 -2 7 11 11 13 15 17 22 28 34 39 48 55 65 74
