DEM/Filtered_topo.asc
ncols         516
nrows         611
xllcorner   288845.000
yllcorner   7342325.00
cellsize   1000.00000
[rows 39 to 77 of 611, columns 89 to 177 of 516]
1386 1394 1395 1399 1401 1406 1400 1401 1392 1384 1380 1369 1360 1350 1340 1336 1333 1338 1353 1351 1341 1328 1334 1337 1334 1336 1345 1329 1326 1316 1302 1296 1298 1302 1303 1301 1290 1274 1264 1256 1249 1248 1241 1243 1246 1252 1252 1254 1251 1251 1251 1251 1252 1256 1255 1253 1248 1245 1242 1237 1233 1230 1231 1229 1228 1228 1231 1230 1231 1229 1231 1227 1220 1219 1219 1215 1211 1209 1204 1199 1193 1190 1186 1181 1179 1178 1172 1169 1166
1370 1379 1381 1385 1387 1393 1387 1389 1379 1372 1367 1357 1347 1336 1326 1322 1318 1324 1339 1337 1326 1313 1319 1323 1320 1322 1332 1316 1314 1303 1290 1284 1286 1290 1292 1291 1280 1264 1255 1247 1241 1240 1233 1235 1239 1245 1245 1247 1245 1246 1246 1247 1248 1251 1251 1249 1245 1242 1239 1235 1231 1228 1229 1228 1227 1227 1230 1230 1231 1230 1232 1227 1221 1220 1220 1216 1212 1211 1206 1201 1195 1192 1187 1183 1181 1179 1174 1170 1168
1355 1364 1366 1371 1374 1379 1374 1377 1368 1360 1356 1346 1336 1324 1314 1310 1306 1312 1326 1324 1314 1301 1307 1311 1308 1311 1321 1306 1304 1294 1281 1276 1278 1283 1285 1284 1274 1258 1250 1242 1236 1236 1229 1232 1236 1243 1243 1246 1244 1245 1245 1246 1248 1252 1251 1250 1247 1244 1241 1237 1233 1231 1232 1231 1230 1231 1234 1234 1235 1234 1236 1232 1226 1225 1225 1222 1217 1216 1211 1206 1200 1197 1192 1188 1186 1184 1179 1175 1173
1344 1354 1356 1362 1365 1371 1367 1371 1361 1354 1351 1341 1330 1318 1308 1303 1299 1305 1320 1318 1307 1294 1301 1305 1302 1305 1316 1301 1300 1290 1278 1273 1275 1280 1282 1282 1272 1257 1249 1241 1236 1235 1229 1233 1237 1244 1244 1247 1245 1247 1248 1249 1250 1254 1254 1253 1250 1248 1245 1241 1237 1235 1237 1235 1235 1235 1239 1239 1240 1239 1241 1237 1231 1230 1231 1227 1223 1221 1216 1211 1205 1202 1197 1193 1190 1189 1183 1179 1177
1335 1346 1348 1354 1357 1364 1359 1364 1355 1348 1345 1334 1324 1311 1300 1295 1291 1297 1311 1309 1298 1285 1291 1295 1293 1296 1307 1293 1292 1283 1270 1266 1267 1273 1275 1276 1267 1251 1244 1236 1231 1231 1226 1229 1233 1241 1241 1245 1244 1245 1246 1248 1250 1254 1254 1254 1251 1249 1246 1243 1239 1237 1239 1238 1238 1239 1242 1243 1244 1243 1246 1242 1235 1236 1236 1233 1229 1227 1222 1217 1211 1208 1203 1199 1196 1195 1189 1185 1183
1322 1333 1336 1342 1345 1353 1348 1354 1344 1337 1335 1324 1313 1300 1288 1283 1278 1284 1299 1296 1285 1272 1278 1282 1280 1283 1295 1281 1280 1271 1259 1255 1257 1262 1265 1266 1257 1242 1235 1228 1223 1224 1218 1222 1227 1234 1235 1238 1238 1240 1242 1243 1245 1250 1250 1250 1248 1246 1244 1241 1237 1236 1238 1237 1237 1238 1242 1242 1244 1243 1246 1243 1236 1237 1237 1234 1230 1229 1224 1219 1213 1210 1205 1201 1199 1197 1192 1188 1186
1316 1327 1330 1336 1341 1348 1344 1350 1341 1334 1331 1320 1309 1295 1283 1277 1272 1278 1292 1288 1277 1264 1269 1274 1271 1274 1286 1273 1272 1263 1251 1247 1248 1253 1256 1257 1249 1234 1227 1220 1215 1216 1211 1214 1219 1226 1227 1230 1230 1233 1234 1236 1238 1242 1243 1243 1241 1239 1238 1234 1231 1230 1232 1231 1231 1233 1237 1238 1239 1239 1242 1239 1232 1233 1234 1231 1228 1226 1222 1217 1211 1208 1203 1199 1197 1196 1190 1187 1185
1307 1319 1322 1329 1333 1341 1337 1344 1334 1327 1325 1314 1302 1287 1274 1269 1263 1268 1282 1278 1266 1253 1258 1262 1260 1263 1275 1261 1261 1252 1241 1236 1237 1242 1246 1247 1239 1224 1217 1210 1206 1207 1202 1206 1211 1218 1219 1223 1223 1226 1227 1229 1231 1236 1237 1238 1236 1235 1233 1230 1227 1226 1228 1228 1228 1230 1234 1235 1237 1237 1241 1237 1231 1232 1234 1231 1228 1227 1222 1218 1212 1209 1204 1201 1199 1197 1192 1189 1187
1289 1301 1304 1312 1317 1325 1321 1329 1320 1313 1311 1300 1288 1272 1260 1254 1248 1253 1267 1263 1251 1238 1243 1248 1246 1249 1261 1248 1248 1240 1229 1225 1226 1231 1236 1237 1230 1215 1209 1202 1198 1200 1196 1200 1205 1213 1214 1218 1218 1221 1224 1226 1228 1233 1234 1236 1234 1233 1232 1229 1226 1225 1228 1228 1228 1230 1235 1236 1238 1238 1242 1239 1233 1234 1235 1234 1230 1229 1225 1220 1214 1211 1207 1203 1201 1200 1195 1191 1189
1277 1290 1293 1300 1305 1314 1311 1319 1310 1303 1302 1291 1278 1262 1249 1243 1236 1242 1255 1251 1239 1225 1231 1235 1233 1237 1249 1237 1237 1230 1219 1215 1216 1222 1227 1229 1222 1208 1202 1196 1192 1194 1190 1195 1200 1208 1210 1214 1215 1218 1221 1223 1226 1231 1233 1234 1233 1232 1232 1229 1227 1226 1229 1229 1229 1232 1237 1238 1240 1240 1244 1241 1236 1237 1238 1237 1233 1232 1228 1224 1218 1215 1210 1207 1205 1203 1198 1194 1193
1267 1280 1283 1291 1296 1305 1302 1311 1302 1295 1294 1283 1270 1252 1239 1233 1226 1230 1244 1239 1227 1213 1218 1223 1221 1224 1236 1225 1226 1219 1208 1204 1205 1211 1216 1218 1212 1198 1193 1187 1183 1186 1182 1188 1193 1201 1203 1207 1209 1212 1215 1218 1220 1226 1228 1230 1229 1229 1228 1226 1224 1223 1227 1227 1228 1231 1235 1237 1240 1240 1244 1242 1236 1238 1239 1238 1235 1234 1230 1226 1220 1217 1213 1209 1207 1206 1201 1197 1196
1255 1269 1272 1280 1286 1294 1292 1302 1292 1286 1286 1274 1260 1242 1229 1222 1215 1219 1233 1227 1215 1201 1205 1210 1209 1211 1224 1213 1214 1208 1197 1194 1195 1200 1206 1209 1203 1189 1184 1178 1175 1178 1175 1181 1186 1194 1196 1201 1203 1207 1210 1213 1216 1222 1224 1226 1226 1226 1226 1224 1222 1221 1225 1225 1226 1229 1235 1237 1239 1240 1244 1242 1236 1238 1240 1239 1236 1235 1232 1228 1222 1219 1215 1212 1210 1208 1203 1200 1199
1239 1253 1256 1264 1270 1280 1277 1288 1279 1273 1273 1261 1247 1229 1215 1208 1200 1205 1218 1212 1200 1186 1190 1195 1194 1197 1210 1200 1201 1196 1185 1183 1183 1189 1195 1199 1194 1180 1176 1170 1168 1171 1169 1175 1180 1189 1191 1196 1199 1203 1207 1210 1213 1219 1221 1224 1224 1225 1225 1223 1222 1222 1225 1226 1227 1231 1236 1239 1241 1242 1246 1244 1239 1241 1243 1243 1240 1239 1235 1232 1226 1223 1219 1215 1213 1212 1207 1203 1202
1234 1248 1252 1261 1267 1277 1276 1288 1279 1273 1273 1262 1248 1229 1215 1208 1200 1204 1217 1211 1199 1185 1189 1194 1193 1196 1209 1200 1201 1196 1186 1184 1184 1190 1196 1200 1195 1182 1178 1172 1170 1174 1172 1177 1183 1191 1194 1198 1201 1206 1209 1212 1215 1221 1223 1227 1227 1227 1228 1226 1224 1224 1228 1228 1230 1233 1238 1240 1243 1244 1248 1246 1240 1243 1245 1244 1241 1240 1237 1233 1227 1224 1220 1216 1214 1213 1208 1204 1203
1231 1246 1250 1260 1266 1277 1276 1289 1280 1275 1276 1265 1250 1231 1216 1209 1201 1205 1218 1211 1199 1185 1189 1194 1193 1195 1209 1200 1202 1197 1187 1185 1185 1190 1197 1201 1196 1183 1179 1174 1172 1176 1174 1180 1185 1193 1195 1199 1203 1207 1211 1214 1217 1223 1225 1228 1228 1229 1229 1227 1226 1225 1229 1230 1231 1234 1239 1242 1244 1245 1249 1246 1241 1243 1246 1245 1242 1241 1238 1234 1228 1224 1220 1217 1215 1213 1209 1205 1204
1207 1223 1227 1237 1245 1256 1256 1270 1262 1257 1259 1248 1234 1214 1199 1192 1184 1188 1202 1195 1183 1169 1173 1179 1178 1181 1195 1187 1189 1186 1177 1175 1175 1181 1188 1193 1189 1176 1173 1168 1167 1171 1170 1176 1182 1191 1193 1197 1201 1206 1210 1214 1216 1223 1225 1229 1229 1230 1231 1229 1227 1227 1231 1232 1233 1237 1242 1244 1247 1248 1251 1249 1244 1246 1249 1248 1245 1244 1241 1237 1231 1227 1223 1220 1218 1216 1211 1207 1206
1191 1207 1212 1222 1231 1242 1243 1258 1250 1246 1249 1239 1224 1204 1190 1183 1175 1179 1192 1185 1174 1160 1165 1170 1170 1173 1188 1180 1183 1180 1172 1171 1171 1177 1185 1190 1187 1175 1172 1168 1167 1172 1171 1178 1184 1193 1195 1199 1204 1209 1213 1217 1220 1226 1229 1232 1233 1234 1235 1234 1232 1232 1236 1237 1238 1242 1247 1249 1251 1252 1256 1254 1249 1251 1253 1253 1250 1248 1245 1241 1235 1231 1227 1224 1221 1219 1215 1210 1209
1178 1195 1200 1210 1219 1231 1232 1248 1241 1237 1241 1230 1216 1195 1180 1173 1165 1169 1182 1174 1163 1150 1154 1160 1159 1162 1177 1170 1174 1172 1164 1163 1163 1169 1177 1183 1180 1169 1167 1162 1162 1167 1167 1174 1180 1189 1191 1195 1200 1206 1210 1214 1217 1224 1226 1230 1232 1233 1234 1233 1231 1231 1235 1236 1238 1241 1247 1249 1251 1252 1256 1254 1249 1251 1254 1254 1251 1249 1246 1243 1236 1233 1229 1226 1223 1221 1216 1212 1211
1159 1177 1183 1194 1204 1217 1219 1236 1229 1227 1231 1222 1207 1186 1172 1165 1157 1161 1174 1167 1156 1143 1147 1153 1153 1156 1172 1166 1170 1169 1161 1161 1160 1167 1176 1182 1180 1169 1167 1163 1163 1169 1169 1176 1182 1191 1193 1198 1203 1209 1213 1217 1220 1226 1229 1233 1235 1236 1237 1236 1234 1235 1238 1239 1240 1244 1249 1252 1253 1254 1258 1256 1250 1253 1255 1255 1252 1251 1248 1244 1237 1233 1229 1226 1223 1221 1216 1212 1211
1135 1154 1160 1172 1182 1196 1199 1218 1212 1210 1215 1206 1192 1171 1157 1150 1142 1146 1160 1152 1142 1130 1134 1140 1141 1144 1160 1155 1160 1160 1153 1153 1153 1160 1169 1176 1175 1164 1163 1160 1160 1166 1167 1174 1181 1190 1192 1196 1202 1209 1213 1217 1220 1226 1229 1234 1235 1237 1238 1237 1236 1236 1240 1240 1242 1245 1250 1253 1255 1255 1259 1257 1251 1254 1256 1256 1253 1251 1248 1245 1238 1234 1230 1227 1224 1222 1217 1212 1211
1116 1135 1142 1155 1166 1181 1184 1205 1199 1199 1205 1197 1182 1161 1147 1141 1134 1138 1152 1144 1135 1122 1127 1134 1134 1138 1155 1151 1157 1157 1151 1152 1151 1158 1168 1175 1175 1165 1165 1162 1163 1169 1170 1178 1185 1194 1196 1200 1207 1213 1218 1222 1225 1231 1234 1238 1240 1242 1243 1242 1241 1241 1245 1245 1247 1250 1255 1257 1259 1259 1263 1260 1255 1257 1259 1259 1256 1254 1251 1247 1241 1236 1232 1229 1226 1223 1218 1214 1213
1118 1139 1146 1159 1171 1187 1191 1213 1208 1208 1216 1208 1194 1172 1158 1152 1145 1149 1163 1155 1146 1134 1138 1145 1146 1149 1166 1163 1169 1170 1165 1165 1165 1172 1181 1189 1189 1179 1179 1176 1177 1184 1185 1193 1199 1208 1210 1213 1220 1226 1231 1234 1237 1243 1245 1250 1252 1253 1254 1253 1251 1251 1254 1254 1255 1258 1263 1265 1266 1266 1269 1266 1261 1262 1264 1264 1261 1259 1255 1251 1244 1240 1235 1232 1229 1226 1220 1216 1215
1099 1120 1128 1142 1154 1170 1175 1198 1194 1195 1203 1195 1181 1159 1146 1140 1133 1137 1150 1143 1134 1122 1127 1134 1135 1139 1156 1154 1161 1163 1158 1160 1159 1166 1177 1185 1186 1177 1177 1175 1177 1184 1186 1194 1201 1209 1212 1216 1223 1230 1235 1238 1241 1247 1250 1255 1257 1259 1260 1259 1257 1257 1261 1261 1262 1265 1270 1272 1272 1273 1275 1273 1267 1269 1271 1271 1267 1265 1262 1258 1250 1246 1242 1238 1234 1231 1226 1221 1220
1082 1103 1110 1124 1137 1153 1159 1182 1178 1179 1188 1181 1166 1144 1130 1124 1116 1120 1133 1126 1117 1105 1109 1116 1117 1121 1139 1137 1145 1147 1143 1145 1144 1151 1162 1171 1172 1164 1165 1163 1165 1173 1175 1184 1190 1199 1202 1206 1213 1220 1226 1230 1233 1239 1242 1247 1250 1252 1254 1253 1252 1252 1256 1256 1257 1261 1266 1268 1269 1270 1272 1270 1265 1267 1269 1269 1266 1264 1261 1257 1250 1246 1242 1239 1235 1232 1227 1222 1221
1066 1088 1095 1110 1124 1141 1147 1172 1169 1171 1181 1174 1160 1137 1124 1118 1111 1115 1128 1121 1112 1101 1105 1113 1115 1118 1137 1136 1144 1148 1145 1147 1146 1154 1165 1174 1177 1169 1170 1169 1172 1180 1183 1192 1199 1207 1210 1214 1222 1229 1235 1239 1241 1248 1251 1256 1259 1261 1263 1262 1261 1261 1265 1265 1266 1270 1274 1276 1277 1277 1280 1277 1272 1274 1275 1276 1272 1270 1267 1263 1256 1251 1247 1244 1240 1236 1231 1226 1225
1045 1067 1074 1089 1102 1120 1126 1151 1148 1151 1161 1154 1140 1117 1103 1097 1090 1093 1106 1098 1090 1079 1083 1090 1092 1095 1114 1114 1123 1127 1124 1127 1126 1134 1146 1155 1158 1151 1153 1152 1156 1164 1168 1177 1185 1194 1196 1201 1210 1217 1223 1228 1231 1238 1241 1247 1251 1253 1256 1256 1255 1255 1259 1260 1262 1266 1270 1273 1274 1275 1277 1275 1270 1273 1275 1276 1273 1271 1268 1265 1258 1253 1250 1247 1243 1240 1235 1230 1229
1025 1047 1054 1068 1081 1099 1105 1131 1128 1131 1142 1135 1120 1097 1082 1077 1069 1072 1084 1076 1068 1057 1061 1068 1070 1073 1092 1093 1102 1107 1105 1108 1107 1115 1127 1137 1141 1135 1138 1137 1141 1150 1155 1165 1172 1182 1184 1189 1198 1207 1213 1218 1222 1229 1233 1239 1243 1247 1249 1250 1249 1250 1255 1256 1258 1262 1267 1270 1272 1273 1276 1274 1269 1272 1274 1276 1273 1271 1269 1266 1260 1256 1252 1250 1246 1243 1238 1234 1233
999 1021 1028 1042 1056 1074 1081 1107 1105 1108 1119 1113 1098 1073 1059 1054 1046 1048 1060 1052 1044 1033 1037 1044 1046 1050 1068 1070 1080 1086 1084 1088 1087 1095 1108 1118 1123 1117 1121 1120 1125 1135 1140 1150 1158 1168 1171 1175 1186 1195 1202 1207 1211 1218 1223 1229 1234 1238 1241 1242 1242 1244 1248 1250 1252 1257 1262 1266 1267 1269 1272 1270 1266 1269 1272 1274 1271 1270 1268 1266 1259 1256 1252 1250 1247 1244 1239 1235 1234
977 998 1005 1019 1033 1052 1059 1086 1084 1087 1100 1094 1078 1054 1040 1034 1026 1028 1040 1032 1025 1014 1017 1025 1027 1031 1050 1052 1063 1069 1069 1073 1072 1080 1093 1104 1110 1105 1109 1109 1115 1125 1131 1142 1150 1160 1163 1168 1179 1189 1196 1202 1206 1213 1218 1225 1231 1235 1239 1240 1240 1242 1247 1249 1252 1257 1262 1266 1267 1269 1272 1271 1267 1270 1273 1276 1273 1272 1271 1268 1262 1258 1256 1253 1250 1247 1243 1239 1238
958 981 987 1001 1016 1035 1042 1070 1069 1073 1086 1080 1065 1040 1026 1020 1012 1014 1026 1018 1011 1000 1004 1011 1013 1017 1036 1039 1051 1058 1058 1063 1062 1069 1083 1095 1101 1097 1101 1102 1108 1119 1125 1136 1145 1155 1158 1162 1174 1184 1192 1197 1201 1209 1214 1221 1227 1232 1236 1237 1237 1240 1244 1247 1249 1255 1260 1264 1265 1267 1270 1269 1265 1268 1272 1274 1272 1271 1270 1268 1262 1258 1255 1253 1250 1247 1243 1239 1238
936 959 966 980 995 1014 1022 1051 1050 1056 1069 1064 1049 1024 1010 1005 998 999 1011 1003 996 986 990 997 1000 1003 1023 1027 1039 1047 1048 1053 1053 1060 1075 1087 1093 1090 1095 1096 1103 1114 1121 1133 1141 1151 1154 1159 1171 1182 1189 1195 1199 1207 1213 1220 1226 1231 1235 1237 1237 1239 1244 1247 1250 1255 1260 1264 1265 1267 1270 1269 1266 1269 1272 1275 1273 1271 1270 1269 1263 1259 1256 1255 1251 1248 1244 1240 1239
926 949 955 970 985 1005 1013 1042 1042 1048 1062 1057 1042 1017 1003 998 990 991 1003 994 988 978 981 989 991 994 1014 1018 1031 1040 1041 1046 1045 1053 1068 1080 1087 1084 1090 1091 1098 1109 1116 1128 1137 1147 1149 1154 1167 1177 1185 1191 1195 1203 1208 1216 1222 1227 1231 1233 1234 1236 1241 1244 1247 1252 1257 1261 1263 1265 1268 1267 1264 1267 1270 1273 1271 1270 1269 1268 1262 1259 1256 1255 1252 1249 1245 1241 1240
919 942 949 963 978 998 1007 1037 1037 1043 1058 1053 1038 1012 998 993 985 985 997 988 982 971 974 982 984 987 1007 1011 1024 1033 1035 1040 1039 1046 1061 1073 1081 1079 1084 1085 1093 1104 1112 1123 1132 1141 1144 1148 1161 1172 1180 1186 1190 1198 1203 1211 1217 1222 1227 1229 1229 1232 1237 1239 1242 1248 1253 1257 1258 1261 1263 1263 1260 1263 1266 1270 1268 1267 1267 1266 1260 1257 1255 1254 1251 1248 1244 1240 1240
906 930 936 951 967 987 996 1027 1028 1034 1050 1046 1030 1005 991 986 978 978 989 981 975 965 967 975 977 980 1000 1005 1018 1028 1031 1036 1035 1041 1057 1069 1077 1075 1081 1083 1090 1102 1110 1122 1130 1140 1142 1146 1159 1170 1178 1184 1188 1195 1201 1209 1215 1220 1225 1227 1228 1230 1235 1238 1241 1246 1251 1255 1256 1259 1261 1261 1258 1261 1264 1268 1266 1266 1265 1265 1259 1256 1254 1253 1250 1248 1244 1240 1240
910 933 940 954 971 992 1001 1032 1034 1041 1058 1054 1038 1012 998 993 985 985 995 987 981 971 973 980 982 984 1004 1010 1023 1033 1036 1042 1039 1046 1061 1073 1081 1080 1085 1087 1095 1106 1114 1126 1134 1143 1144 1148 1161 1172 1180 1185 1189 1196 1201 1209 1215 1220 1225 1227 1227 1230 1234 1237 1240 1245 1250 1254 1254 1257 1259 1259 1255 1258 1262 1266 1264 1263 1263 1263 1257 1254 1253 1252 1249 1246 1243 1239 1239
901 925 931 946 962 984 993 1026 1028 1036 1053 1050 1034 1008 994 989 981 981 991 982 977 967 969 976 978 980 1000 1006 1020 1031 1034 1040 1037 1044 1059 1071 1079 1079 1085 1086 1095 1106 1114 1126 1134 1143 1144 1148 1161 1172 1180 1185 1188 1196 1201 1208 1215 1220 1224 1226 1227 1229 1234 1236 1239 1244 1249 1253 1253 1256 1258 1257 1254 1257 1261 1264 1263 1262 1262 1262 1257 1254 1253 1252 1249 1246 1243 1239 1240
890 914 920 935 952 974 984 1017 1020 1029 1047 1044 1028 1002 988 984 977 976 986 977 972 962 964 971 973 976 995 1002 1016 1028 1032 1038 1035 1041 1057 1069 1078 1077 1084 1086 1094 1106 1114 1126 1134 1142 1143 1147 1160 1171 1179 1184 1187 1194 1200 1207 1213 1219 1223 1225 1226 1228 1232 1235 1238 1243 1247 1251 1251 1253 1255 1255 1252 1255 1258 1262 1261 1260 1260 1260 1255 1252 1251 1251 1248 1245 1242 1238 1239
890 913 920 934 951 973 983 1017 1020 1029 1047 1045 1029 1002 988 984 976 974 984 975 970 960 961 968 969 971 991 997 1012 1023 1028 1034 1031 1036 1051 1063 1072 1072 1078 1080 1089 1101 1109 1121 1129 1136 1137 1140 1154 1164 1172 1177 1180 1187 1192 1199 1206 1211 1215 1218 1218 1221 1225 1227 1230 1236 1240 1244 1244 1246 1248 1248 1245 1248 1252 1256 1255 1254 1255 1255 1251 1248 1247 1247 1244 1242 1239 1236 1237
878 902 908 922 939 962 972 1006 1010 1019 1038 1036 1020 993 979 975 967 965 974 965 960 950 951 958 959 961 980 988 1002 1014 1019 1025 1022 1027 1043 1055 1064 1065 1071 1073 1082 1094 1102 1114 1122 1130 1130 1132 1147 1157 1165 1171 1173 1180 1186 1193 1199 1205 1209 1212 1212 1215 1219 1222 1225 1230 1235 1239 1239 1241 1243 1243 1241 1244 1247 1252 1251 1251 1252 1252 1248 1246 1245 1245 1243 1241 1238 1235 1236
