DEM/Namibia_lowres.asc
ncols        516
nrows        611
xllcorner    288845.000000000000
yllcorner    7342325.000000000000
cellsize     1000.000000000000
[rows 123 to 163 of 611, columns 276 to 367 of 516]
1285 1270 1269 1269 1345 1322 1287 1287 1284 1287 1298 1297 1293 1290 1289 1298 1298 1290 1284 1267 1255 1245 1244 1239 1239 1239 1233 1236 1247 1251 1250 1246 1251 1241 1259 1269 1291 1299 1256 1245 1240 1231 1228 1229 1237 1239 1250 1257 1255 1249 1249 1249 1252 1250 1256 1258 1259 1261 1259 1258 1260 1262 1263 1260 1265 1263 1263 1263 1257 1252 1251 1246 1246 1245 1245 1245 1243 1245 1243 1244 1246 1247 1247 1247 1249 1252 1251 1253 1255 1258 1259 1261
1270 1272 1262 1286 1272 1276 1269 1271 1287 1316 1325 1281 1285 1297 1273 1275 1268 1266 1263 1255 1251 1250 1249 1246 1249 1247 1240 1240 1243 1252 1250 1257 1266 1260 1254 1288 1276 1305 1318 1260 1249 1239 1232 1233 1236 1249 1251 1257 1257 1255 1255 1255 1259 1261 1263 1268 1265 1261 1263 1263 1266 1268 1268 1265 1268 1267 1264 1266 1265 1259 1258 1250 1249 1250 1246 1249 1249 1248 1249 1250 1249 1251 1251 1250 1255 1254 1256 1258 1259 1265 1265 1264
1252 1260 1267 1262 1266 1269 1266 1266 1266 1266 1266 1275 1273 1272 1271 1266 1263 1261 1256 1254 1254 1252 1252 1254 1254 1255 1251 1246 1244 1250 1256 1264 1270 1267 1268 1271 1278 1285 1289 1289 1288 1259 1256 1253 1246 1256 1258 1262 1258 1257 1258 1261 1262 1266 1266 1268 1267 1266 1266 1267 1270 1271 1270 1267 1270 1267 1268 1268 1269 1266 1264 1259 1259 1258 1259 1254 1253 1251 1252 1252 1251 1252 1253 1256 1256 1260 1261 1264 1267 1273 1275 1278
1250 1260 1262 1257 1263 1265 1263 1261 1263 1264 1264 1267 1267 1267 1267 1265 1263 1260 1260 1258 1259 1257 1260 1257 1255 1256 1255 1250 1248 1249 1254 1260 1263 1265 1268 1272 1277 1276 1277 1284 1289 1293 1263 1256 1254 1267 1270 1265 1262 1262 1263 1263 1266 1268 1270 1270 1271 1268 1271 1270 1274 1274 1271 1270 1271 1268 1269 1272 1271 1272 1267 1266 1263 1262 1262 1262 1257 1254 1256 1256 1256 1258 1259 1261 1262 1267 1268 1272 1274 1275 1281 1283
1250 1249 1251 1256 1258 1257 1258 1261 1264 1265 1267 1268 1268 1267 1265 1265 1264 1261 1262 1262 1261 1260 1260 1263 1258 1258 1263 1257 1255 1254 1256 1259 1263 1266 1267 1272 1272 1278 1276 1284 1285 1270 1267 1269 1266 1272 1268 1267 1265 1267 1269 1267 1267 1270 1273 1279 1270 1271 1272 1275 1273 1274 1272 1272 1270 1273 1274 1271 1274 1274 1274 1270 1268 1268 1268 1268 1263 1260 1258 1261 1260 1262 1263 1266 1269 1269 1274 1277 1280 1281 1284 1286
1245 1251 1251 1254 1257 1257 1262 1262 1263 1268 1268 1270 1269 1267 1269 1265 1265 1264 1264 1262 1263 1261 1264 1261 1263 1267 1262 1261 1260 1263 1263 1263 1264 1265 1270 1268 1272 1272 1275 1279 1278 1281 1278 1275 1271 1271 1274 1273 1272 1271 1276 1274 1272 1270 1272 1271 1273 1276 1276 1275 1276 1276 1275 1274 1273 1273 1274 1276 1275 1274 1274 1275 1275 1272 1269 1270 1267 1272 1269 1278 1266 1267 1271 1270 1272 1275 1277 1279 1284 1283 1284 1290
1256 1252 1254 1254 1260 1264 1264 1267 1266 1270 1269 1272 1270 1269 1267 1268 1266 1264 1268 1266 1265 1267 1265 1264 1267 1266 1268 1267 1265 1267 1265 1264 1265 1270 1270 1270 1272 1275 1275 1278 1281 1280 1278 1281 1277 1278 1279 1277 1278 1275 1278 1278 1277 1276 1276 1278 1279 1278 1280 1280 1278 1278 1279 1276 1276 1278 1278 1276 1274 1276 1276 1274 1275 1273 1274 1281 1283 1277 1291 1273 1276 1276 1274 1276 1278 1277 1282 1283 1285 1286 1288 1293
1256 1258 1258 1263 1269 1270 1274 1272 1272 1271 1272 1270 1272 1271 1270 1267 1265 1266 1268 1271 1265 1267 1269 1268 1269 1271 1270 1270 1270 1267 1269 1270 1270 1272 1274 1271 1275 1274 1274 1276 1279 1280 1282 1283 1284 1283 1283 1281 1281 1278 1282 1281 1280 1279 1282 1282 1283 1283 1283 1285 1283 1285 1278 1277 1278 1283 1280 1281 1281 1278 1275 1275 1275 1275 1277 1284 1283 1303 1281 1279 1281 1281 1281 1282 1284 1285 1286 1289 1290 1291 1295 1295
1260 1261 1263 1268 1276 1282 1282 1281 1280 1276 1276 1275 1274 1272 1271 1271 1271 1269 1270 1269 1271 1270 1272 1271 1272 1273 1272 1273 1273 1275 1272 1273 1274 1274 1275 1276 1277 1278 1278 1280 1280 1283 1282 1283 1285 1286 1286 1285 1285 1286 1284 1285 1283 1286 1289 1287 1288 1288 1284 1287 1285 1285 1283 1283 1284 1284 1282 1282 1278 1276 1278 1279 1279 1282 1297 1360 1309 1287 1286 1286 1288 1285 1285 1286 1288 1291 1293 1292 1294 1297 1298 1301
1273 1274 1324 1296 1286 1284 1293 1305 1307 1287 1281 1278 1275 1275 1270 1271 1273 1270 1271 1273 1270 1275 1273 1272 1275 1275 1277 1276 1276 1276 1277 1278 1275 1276 1279 1278 1278 1279 1279 1281 1282 1283 1284 1288 1285 1287 1289 1286 1289 1289 1287 1288 1286 1288 1291 1289 1289 1291 1291 1291 1291 1288 1287 1288 1289 1287 1286 1284 1284 1282 1287 1312 1289 1329 1344 1307 1298 1293 1290 1290 1291 1291 1289 1290 1292 1292 1294 1295 1299 1300 1303 1305
1295 1279 1279 1283 1320 1329 1295 1315 1301 1299 1283 1280 1277 1276 1275 1274 1276 1277 1270 1273 1277 1275 1275 1277 1277 1278 1279 1278 1281 1281 1282 1280 1281 1279 1278 1280 1281 1279 1282 1282 1283 1285 1287 1288 1290 1289 1288 1290 1291 1289 1290 1293 1290 1291 1291 1291 1295 1294 1292 1295 1291 1292 1289 1290 1289 1288 1286 1287 1291 1287 1293 1342 1332 1320 1400 1314 1298 1299 1295 1296 1295 1295 1294 1293 1295 1296 1298 1300 1305 1304 1306 1307
1276 1272 1272 1272 1274 1279 1283 1298 1284 1283 1287 1286 1286 1284 1282 1281 1279 1275 1280 1278 1277 1283 1283 1282 1282 1281 1283 1282 1281 1283 1282 1282 1282 1283 1280 1282 1282 1283 1283 1284 1286 1288 1293 1296 1293 1293 1294 1293 1294 1292 1293 1293 1293 1294 1293 1295 1294 1294 1298 1293 1291 1292 1291 1289 1291 1294 1290 1295 1294 1299 1302 1310 1308 1313 1314 1306 1305 1301 1298 1298 1298 1298 1298 1299 1298 1302 1302 1304 1305 1308 1311 1313
1264 1266 1267 1269 1271 1273 1273 1278 1282 1282 1285 1295 1319 1312 1297 1306 1288 1284 1292 1291 1290 1292 1289 1292 1285 1288 1284 1285 1287 1287 1286 1286 1284 1285 1285 1283 1285 1289 1288 1289 1290 1301 1306 1306 1309 1303 1299 1296 1294 1295 1295 1299 1296 1296 1296 1295 1298 1297 1295 1298 1294 1295 1294 1294 1290 1295 1298 1299 1301 1307 1316 1320 1311 1316 1311 1311 1316 1305 1304 1302 1303 1304 1301 1302 1301 1306 1306 1307 1307 1310 1313 1316
1261 1264 1264 1265 1269 1270 1270 1272 1274 1277 1278 1285 1286 1288 1296 1348 1351 1307 1334 1340 1339 1297 1297 1297 1294 1290 1291 1296 1292 1292 1289 1289 1289 1291 1289 1290 1294 1297 1299 1296 1308 1322 1325 1308 1325 1312 1306 1307 1305 1303 1298 1300 1298 1300 1299 1301 1303 1300 1299 1297 1296 1296 1295 1299 1307 1299 1303 1302 1308 1309 1309 1311 1310 1311 1315 1313 1311 1312 1305 1307 1307 1307 1306 1306 1307 1308 1308 1307 1311 1315 1318 1325
1264 1263 1262 1266 1268 1268 1270 1272 1270 1275 1276 1277 1281 1279 1283 1287 1286 1291 1293 1303 1298 1298 1330 1355 1331 1297 1320 1298 1292 1291 1292 1294 1294 1295 1294 1298 1301 1319 1302 1306 1310 1331 1369 1377 1367 1330 1309 1310 1304 1304 1304 1306 1301 1302 1299 1299 1304 1300 1325 1305 1298 1295 1296 1297 1299 1297 1302 1309 1308 1309 1311 1308 1314 1312 1310 1313 1313 1315 1311 1308 1312 1311 1311 1308 1309 1310 1311 1314 1314 1325 1327 1331
1263 1266 1267 1269 1268 1268 1269 1268 1271 1273 1273 1276 1278 1287 1280 1279 1283 1282 1293 1292 1297 1304 1331 1322 1317 1343 1356 1306 1294 1291 1299 1296 1298 1298 1298 1307 1305 1305 1305 1307 1306 1345 1342 1328 1352 1331 1317 1334 1304 1307 1305 1315 1304 1302 1301 1303 1316 1330 1309 1302 1297 1296 1297 1298 1297 1299 1299 1305 1310 1310 1310 1316 1320 1317 1319 1313 1314 1317 1319 1315 1315 1313 1312 1312 1311 1315 1315 1321 1322 1333 1338 1340
1263 1264 1265 1269 1271 1271 1270 1271 1272 1272 1273 1272 1276 1277 1279 1276 1283 1284 1290 1295 1297 1307 1309 1307 1320 1295 1295 1298 1290 1295 1299 1325 1312 1302 1300 1302 1307 1314 1311 1310 1308 1309 1308 1308 1324 1323 1311 1312 1317 1317 1310 1309 1307 1305 1301 1304 1313 1320 1311 1301 1299 1298 1310 1299 1297 1300 1301 1309 1311 1320 1318 1324 1320 1318 1316 1318 1332 1318 1321 1324 1323 1321 1318 1316 1316 1321 1322 1327 1336 1341 1346 1349
1266 1265 1270 1266 1269 1271 1273 1272 1271 1272 1275 1277 1278 1274 1279 1284 1282 1282 1284 1290 1299 1295 1298 1295 1295 1295 1293 1291 1293 1291 1296 1292 1303 1356 1318 1306 1313 1329 1313 1303 1325 1328 1303 1303 1304 1307 1309 1309 1309 1310 1319 1316 1311 1316 1309 1311 1305 1316 1325 1313 1303 1299 1301 1298 1299 1301 1300 1306 1309 1311 1319 1319 1324 1323 1318 1322 1317 1322 1324 1325 1327 1328 1324 1321 1321 1325 1328 1335 1342 1343 1353 1354
1267 1270 1270 1271 1271 1271 1273 1273 1274 1274 1274 1278 1276 1279 1280 1280 1280 1281 1280 1286 1284 1286 1289 1289 1291 1289 1288 1290 1293 1289 1291 1293 1292 1294 1297 1318 1319 1332 1302 1302 1304 1302 1301 1301 1302 1305 1308 1308 1307 1308 1310 1341 1320 1316 1328 1335 1315 1320 1322 1318 1318 1302 1301 1301 1302 1307 1306 1308 1315 1314 1313 1313 1326 1322 1322 1325 1346 1335 1325 1333 1331 1332 1325 1326 1327 1329 1336 1347 1350 1358 1355 1358
1268 1269 1269 1270 1273 1271 1270 1270 1274 1275 1277 1275 1277 1280 1281 1282 1281 1281 1285 1280 1282 1286 1284 1287 1288 1286 1289 1292 1286 1288 1289 1291 1292 1293 1291 1298 1295 1296 1295 1297 1298 1299 1296 1295 1299 1300 1299 1301 1303 1307 1311 1319 1313 1326 1330 1338 1325 1326 1318 1309 1304 1303 1304 1304 1305 1310 1310 1312 1313 1312 1313 1314 1328 1324 1325 1330 1328 1325 1333 1335 1334 1339 1336 1341 1341 1340 1347 1352 1358 1358 1360 1359
1269 1270 1270 1272 1272 1271 1273 1272 1275 1274 1278 1275 1279 1279 1279 1279 1281 1283 1282 1283 1285 1283 1286 1282 1287 1286 1287 1288 1287 1289 1287 1287 1288 1290 1290 1292 1293 1293 1292 1295 1293 1293 1290 1294 1296 1296 1298 1299 1302 1305 1309 1310 1312 1313 1331 1318 1331 1319 1314 1308 1308 1308 1305 1307 1309 1311 1315 1316 1315 1318 1318 1317 1318 1322 1327 1328 1327 1328 1331 1342 1341 1340 1341 1344 1342 1344 1352 1352 1363 1362 1367 1358
1273 1273 1272 1273 1274 1275 1272 1274 1275 1275 1277 1277 1279 1281 1281 1279 1282 1286 1283 1286 1286 1285 1285 1287 1285 1286 1285 1287 1286 1287 1287 1287 1286 1289 1290 1289 1291 1289 1287 1291 1293 1291 1293 1294 1294 1296 1299 1298 1302 1303 1307 1310 1315 1313 1316 1328 1327 1331 1317 1312 1312 1314 1316 1311 1312 1313 1315 1321 1322 1322 1321 1320 1321 1323 1330 1328 1327 1328 1331 1333 1337 1340 1351 1350 1356 1356 1363 1365 1358 1371 1387 1360
1274 1274 1274 1275 1277 1278 1276 1276 1275 1278 1279 1279 1278 1280 1283 1281 1282 1281 1284 1283 1282 1284 1286 1284 1288 1287 1287 1288 1287 1289 1287 1289 1287 1290 1289 1290 1290 1289 1290 1291 1291 1291 1294 1294 1295 1297 1297 1298 1301 1305 1306 1311 1317 1315 1317 1340 1328 1340 1322 1315 1314 1320 1321 1321 1319 1321 1318 1328 1330 1328 1324 1326 1324 1328 1328 1329 1329 1331 1333 1334 1336 1339 1338 1344 1364 1386 1378 1363 1385 1379 1385 1370
1278 1278 1275 1278 1278 1279 1279 1280 1281 1279 1280 1281 1281 1279 1283 1283 1286 1281 1284 1285 1285 1285 1287 1286 1286 1286 1286 1288 1289 1287 1286 1289 1289 1290 1289 1290 1292 1290 1291 1290 1293 1292 1293 1294 1295 1297 1299 1300 1301 1306 1309 1310 1318 1324 1320 1350 1333 1340 1324 1323 1320 1325 1325 1321 1327 1328 1330 1332 1334 1332 1326 1326 1329 1329 1331 1330 1332 1335 1337 1336 1336 1337 1338 1342 1358 1382 1479 1376 1474 1375 1402 1388
1281 1280 1278 1281 1280 1282 1280 1284 1281 1282 1283 1283 1282 1283 1284 1284 1282 1287 1288 1285 1286 1289 1287 1288 1285 1287 1287 1286 1287 1288 1290 1290 1288 1290 1290 1289 1288 1291 1292 1294 1290 1293 1293 1294 1298 1297 1301 1303 1302 1305 1308 1314 1318 1319 1326 1363 1363 1334 1331 1329 1330 1326 1325 1328 1333 1332 1332 1329 1331 1330 1328 1327 1329 1332 1334 1335 1335 1336 1338 1336 1339 1339 1341 1353 1355 1373 1446 1377 1395 1365 1366 1411
1283 1282 1283 1283 1284 1284 1283 1282 1285 1283 1285 1286 1284 1285 1286 1287 1289 1288 1287 1288 1291 1290 1290 1287 1286 1287 1292 1293 1287 1285 1290 1287 1287 1289 1290 1290 1290 1288 1291 1291 1292 1293 1294 1294 1298 1300 1298 1302 1305 1307 1316 1319 1318 1360 1361 1337 1345 1333 1333 1329 1331 1328 1331 1329 1333 1338 1338 1335 1342 1332 1336 1330 1332 1335 1335 1337 1336 1344 1337 1337 1338 1340 1339 1342 1343 1346 1353 1351 1355 1367 1421 1370
1286 1285 1287 1287 1285 1285 1286 1287 1285 1284 1285 1287 1286 1286 1288 1289 1288 1288 1287 1290 1287 1293 1291 1289 1289 1289 1290 1288 1288 1289 1291 1287 1287 1287 1290 1290 1289 1290 1291 1290 1294 1293 1295 1296 1296 1302 1300 1302 1306 1306 1316 1325 1333 1321 1415 1328 1332 1332 1335 1339 1330 1329 1332 1331 1331 1342 1342 1341 1342 1337 1338 1334 1334 1334 1335 1337 1337 1338 1335 1339 1342 1362 1347 1350 1343 1344 1352 1354 1388 1379 1366 1363
1289 1290 1290 1290 1288 1289 1289 1287 1285 1288 1287 1288 1288 1289 1291 1289 1291 1290 1290 1290 1293 1291 1291 1289 1291 1289 1291 1288 1292 1290 1290 1287 1288 1290 1289 1290 1290 1291 1292 1293 1294 1296 1297 1298 1300 1302 1303 1305 1305 1310 1313 1316 1319 1337 1327 1324 1328 1330 1339 1341 1336 1334 1332 1332 1334 1338 1337 1342 1346 1345 1366 1337 1334 1336 1335 1336 1338 1340 1342 1384 1345 1354 1342 1349 1347 1400 1372 1375 1365 1360 1361 1364
1290 1294 1292 1290 1293 1293 1293 1290 1290 1293 1293 1292 1290 1291 1294 1292 1292 1292 1291 1289 1294 1293 1289 1294 1291 1291 1292 1290 1290 1289 1291 1290 1288 1292 1290 1294 1292 1292 1297 1293 1295 1295 1298 1299 1301 1302 1304 1305 1307 1311 1312 1315 1319 1325 1325 1322 1329 1345 1378 1343 1337 1334 1337 1338 1340 1348 1344 1350 1349 1350 1349 1341 1338 1336 1337 1337 1379 1344 1343 1359 1351 1375 1343 1349 1358 1482 1414 1479 1423 1368 1369 1353
1294 1294 1294 1294 1298 1296 1293 1294 1297 1296 1296 1294 1295 1295 1294 1294 1294 1295 1294 1293 1291 1293 1297 1296 1292 1294 1291 1296 1294 1295 1293 1293 1290 1290 1292 1292 1294 1296 1297 1299 1298 1297 1297 1297 1300 1302 1303 1305 1308 1309 1317 1318 1321 1325 1329 1328 1328 1343 1340 1336 1338 1335 1336 1341 1341 1344 1347 1347 1358 1358 1352 1347 1342 1338 1338 1340 1341 1342 1362 1356 1353 1356 1354 1363 1435 1590 1595 1411 1363 1373 1376 1366
1297 1299 1299 1299 1299 1297 1299 1300 1298 1298 1295 1298 1297 1294 1294 1294 1296 1295 1296 1296 1296 1296 1297 1297 1298 1296 1295 1295 1295 1294 1296 1294 1294 1293 1294 1295 1298 1298 1298 1299 1300 1298 1299 1300 1302 1305 1306 1308 1311 1313 1315 1320 1330 1326 1326 1327 1337 1351 1367 1331 1332 1335 1334 1339 1343 1346 1347 1347 1358 1360 1417 1370 1342 1342 1344 1343 1343 1342 1348 1348 1352 1359 1447 1379 1367 1378 1382 1366 1370 1350 1351 1348
1300 1301 1301 1303 1300 1301 1303 1302 1302 1301 1300 1298 1299 1300 1299 1299 1298 1297 1298 1298 1296 1298 1298 1295 1295 1300 1298 1299 1298 1300 1297 1297 1295 1296 1297 1298 1296 1301 1299 1301 1302 1301 1303 1302 1305 1305 1308 1312 1313 1315 1316 1325 1330 1326 1326 1334 1336 1331 1328 1330 1332 1329 1331 1335 1338 1341 1343 1347 1360 1350 1367 1355 1346 1345 1346 1344 1345 1345 1346 1372 1362 1462 1395 1360 1350 1348 1350 1366 1343 1348 1341 1332
1302 1303 1306 1303 1305 1304 1303 1303 1302 1302 1301 1302 1301 1303 1302 1303 1300 1300 1299 1300 1298 1300 1302 1298 1300 1300 1300 1301 1301 1303 1303 1301 1299 1299 1298 1298 1301 1303 1302 1303 1305 1304 1306 1306 1305 1308 1310 1310 1316 1318 1318 1327 1326 1326 1328 1332 1330 1330 1330 1331 1332 1331 1333 1337 1337 1339 1344 1344 1353 1351 1402 1356 1351 1355 1352 1352 1344 1362 1413 1437 1369 1393 1361 1348 1346 1344 1352 1349 1341 1335 1344 1329
1308 1306 1308 1306 1308 1305 1308 1306 1305 1305 1305 1304 1305 1303 1306 1305 1303 1302 1303 1304 1302 1300 1301 1305 1302 1301 1301 1302 1304 1306 1303 1303 1301 1303 1302 1304 1303 1307 1306 1305 1305 1307 1305 1308 1309 1308 1312 1313 1315 1318 1319 1319 1327 1326 1329 1328 1330 1330 1332 1331 1333 1333 1334 1334 1336 1338 1340 1345 1351 1360 1416 1365 1432 1426 1362 1379 1399 1389 1367 1377 1388 1413 1367 1354 1344 1341 1341 1338 1331 1324 1320 1321
1310 1309 1311 1309 1310 1309 1309 1308 1309 1307 1309 1309 1308 1308 1308 1307 1307 1306 1307 1307 1306 1306 1305 1306 1303 1304 1303 1303 1307 1308 1303 1302 1306 1310 1304 1305 1307 1309 1308 1309 1309 1309 1310 1309 1311 1312 1313 1316 1317 1323 1320 1325 1324 1327 1329 1332 1332 1333 1332 1334 1333 1337 1335 1336 1337 1341 1343 1345 1355 1377 1394 1417 1386 1388 1476 1438 1369 1354 1351 1348 1367 1367 1358 1347 1338 1334 1331 1324 1321 1317 1321 1324
1311 1310 1311 1313 1313 1314 1312 1312 1311 1311 1312 1310 1311 1312 1309 1309 1311 1311 1311 1310 1309 1309 1309 1309 1308 1308 1307 1306 1306 1306 1307 1308 1306 1308 1309 1306 1315 1309 1310 1310 1311 1309 1313 1312 1312 1315 1316 1318 1320 1322 1326 1327 1328 1333 1334 1333 1335 1336 1336 1337 1338 1336 1337 1338 1340 1339 1345 1352 1367 1402 1395 1385 1449 1385 1444 1388 1352 1346 1350 1344 1366 1349 1345 1339 1332 1325 1325 1320 1314 1313 1318 1321
1314 1314 1314 1312 1315 1317 1313 1316 1314 1315 1314 1314 1315 1313 1312 1313 1314 1313 1315 1315 1315 1314 1315 1314 1312 1313 1310 1307 1306 1308 1309 1307 1307 1313 1310 1311 1311 1310 1310 1314 1314 1314 1314 1316 1316 1316 1320 1321 1325 1329 1328 1329 1331 1335 1342 1337 1341 1342 1339 1338 1340 1339 1340 1338 1338 1344 1353 1364 1395 1374 1380 1399 1374 1367 1362 1353 1346 1342 1340 1338 1340 1337 1340 1323 1331 1318 1314 1308 1305 1310 1322 1319
1316 1319 1317 1318 1319 1319 1316 1317 1318 1317 1315 1317 1317 1316 1317 1317 1316 1316 1317 1317 1318 1317 1317 1320 1319 1317 1313 1312 1313 1313 1312 1308 1310 1310 1312 1311 1312 1317 1314 1318 1315 1315 1315 1319 1317 1320 1321 1320 1324 1326 1330 1330 1337 1342 1341 1345 1344 1343 1342 1342 1341 1343 1340 1345 1345 1355 1370 1426 1365 1431 1366 1357 1360 1376 1356 1366 1352 1344 1340 1340 1334 1329 1324 1316 1321 1327 1309 1304 1305 1313 1314 1320
1319 1318 1318 1317 1321 1320 1323 1321 1321 1321 1319 1319 1319 1321 1321 1320 1320 1319 1320 1323 1320 1320 1322 1323 1325 1322 1319 1316 1317 1316 1314 1316 1315 1313 1314 1314 1315 1317 1319 1320 1317 1318 1318 1318 1322 1324 1326 1328 1328 1329 1331 1342 1342 1344 1344 1346 1348 1345 1343 1346 1346 1346 1347 1362 1366 1419 1388 1381 1361 1357 1348 1351 1355 1385 1392 1400 1423 1425 1341 1336 1328 1319 1315 1314 1324 1323 1306 1300 1302 1326 1317 1318
1322 1320 1321 1320 1324 1323 1326 1324 1322 1324 1323 1323 1323 1322 1324 1323 1322 1321 1322 1323 1324 1324 1325 1326 1325 1325 1323 1322 1322 1321 1319 1321 1320 1319 1316 1317 1317 1326 1322 1322 1321 1321 1324 1322 1324 1326 1327 1328 1332 1333 1336 1338 1344 1347 1350 1349 1348 1347 1348 1347 1348 1349 1358 1376 1372 1413 1379 1361 1348 1353 1341 1345 1367 1367 1386 1400 1342 1366 1340 1330 1319 1315 1313 1315 1304 1308 1298 1300 1304 1309 1309 1316
1325 1321 1323 1324 1328 1327 1328 1327 1325 1327 1327 1326 1326 1328 1327 1328 1326 1328 1326 1327 1328 1328 1330 1329 1327 1329 1328 1327 1325 1327 1326 1326 1324 1321 1320 1322 1325 1323 1323 1323 1322 1324 1325 1325 1327 1328 1331 1333 1336 1337 1340 1346 1349 1350 1353 1351 1351 1351 1351 1352 1354 1358 1375 1461 1414 1402 1376 1357 1346 1337 1338 1351 1346 1366 1395 1358 1332 1341 1333 1325 1318 1307 1304 1298 1301 1294 1305 1302 1308 1311 1310 1320
