DEM/Namibia_lowres_filtered.asc
ncols        516
nrows        611
xllcorner    288845.000000000000
yllcorner    7342325.000000000000
cellsize     1000.000000000000
[rows 440 to 479 of 611, columns 90 to 179 of 516]
-26 -26 -26 -25 -25 -24 -23 -23 -22 -21 -19 -18 -17 -16 -14 -13 -12 -10 -9 -8 -6 -5 -4 -3 -1 0 1 2 3 4 5 6 6 7 8 8 9 9 10 10 11 11 11 12 12 12 13 13 14 14 15 15 16 17 18 19 20 22 23 25 27 29 31 33 36 39 42 46 49 53 57 62 67 72 77 83 88 95 101 108 115 122 130 138 146 154 163 172 181 190
-26 -26 -26 -25 -25 -24 -23 -22 -21 -20 -19 -18 -17 -16 -14 -13 -12 -10 -9 -8 -6 -5 -4 -2 -1 0 1 2 3 4 5 6 7 7 8 8 9 9 10 10 11 11 11 12 12 12 13 13 13 14 14 15 16 16 17 18 19 21 22 24 26 28 30 32 35 38 41 44 48 51 55 60 64 69 75 80 86 92 98 105 112 119 126 134 142 150 159 168 177 186
-26 -26 -26 -25 -25 -24 -23 -22 -21 -20 -19 -18 -17 -15 -14 -13 -11 -10 -9 -7 -6 -5 -3 -2 -1 0 1 2 3 4 5 6 7 7 8 9 9 9 10 10 11 11 11 12 12 12 12 13 13 14 14 15 15 16 17 18 19 20 21 23 25 26 29 31 33 36 39 42 46 50 54 58 62 67 72 78 83 89 95 102 109 116 123 131 139 147 155 164 173 182
-26 -26 -26 -25 -25 -24 -23 -22 -21 -20 -19 -18 -17 -15 -14 -13 -11 -10 -9 -7 -6 -5 -3 -2 -1 0 1 2 3 4 5 6 7 7 8 9 9 10 10 10 11 11 11 11 12 12 12 12 13 13 14 14 15 15 16 17 18 19 21 22 24 25 27 30 32 35 38 41 44 48 52 56 60 65 70 75 81 87 93 99 106 113 120 127 135 143 151 160 169 178
-26 -26 -26 -25 -25 -24 -23 -22 -21 -20 -19 -18 -16 -15 -14 -13 -11 -10 -8 -7 -6 -4 -3 -2 -1 0 2 3 4 5 5 6 7 8 8 9 9 10 10 10 11 11 11 11 12 12 12 12 13 13 13 14 14 15 16 16 17 18 20 21 23 24 26 28 31 33 36 39 43 46 50 54 58 63 68 73 78 84 90 96 103 110 117 124 132 140 148 156 165 174
-26 -26 -26 -25 -25 -24 -23 -22 -21 -20 -19 -18 -16 -15 -14 -12 -11 -10 -8 -7 -6 -4 -3 -2 -1 1 2 3 4 5 6 6 7 8 8 9 9 10 10 10 11 11 11 11 11 12 12 12 12 13 13 13 14 14 15 16 17 18 19 20 22 23 25 27 30 32 35 38 41 44 48 52 56 61 66 71 76 82 87 94 100 107 114 121 129 136 144 152 161 170
-26 -26 -26 -25 -25 -24 -23 -22 -21 -20 -19 -18 -16 -15 -14 -12 -11 -10 -8 -7 -5 -4 -3 -2 0 1 2 3 4 5 6 6 7 8 8 9 9 10 10 10 11 11 11 11 11 12 12 12 12 12 13 13 13 14 15 15 16 17 18 19 21 23 24 26 28 31 34 36 39 43 46 50 54 59 64 68 74 79 85 91 97 104 111 118 125 133 141 149 157 166
-26 -26 -26 -25 -25 -24 -23 -22 -21 -20 -19 -17 -16 -15 -14 -12 -11 -9 -8 -7 -5 -4 -3 -1 0 1 2 3 4 5 6 7 7 8 8 9 9 10 10 10 11 11 11 11 11 11 12 12 12 12 12 13 13 14 14 15 16 17 18 19 20 22 23 25 27 30 32 35 38 41 45 49 53 57 61 66 71 77 82 88 95 101 108 115 122 130 137 145 154 162
-26 -26 -26 -25 -25 -24 -23 -22 -21 -20 -19 -17 -16 -15 -13 -12 -11 -9 -8 -7 -5 -4 -3 -1 0 1 2 3 4 5 6 7 7 8 9 9 10 10 10 11 11 11 11 11 11 11 12 12 12 12 12 12 13 13 14 14 15 16 17 18 19 21 22 24 26 29 31 34 37 40 43 47 51 55 60 64 69 75 80 86 92 98 105 112 119 127 134 142 150 159
-26 -26 -26 -25 -25 -24 -23 -22 -21 -20 -19 -17 -16 -15 -13 -12 -11 -9 -8 -6 -5 -4 -2 -1 0 1 2 3 4 5 6 7 8 8 9 9 10 10 10 11 11 11 11 11 11 11 11 12 12 12 12 12 13 13 13 14 15 15 16 17 19 20 22 23 25 27 30 32 35 38 42 45 49 53 58 62 67 72 78 84 89 96 102 109 116 123 131 139 147 155
-26 -26 -26 -25 -25 -24 -23 -22 -21 -20 -19 -17 -16 -15 -13 -12 -11 -9 -8 -6 -5 -4 -2 -1 0 1 2 4 5 5 6 7 8 8 9 9 10 10 10 11 11 11 11 11 11 11 11 11 12 12 12 12 12 13 13 14 14 15 16 17 18 19 21 22 24 26 29 31 34 37 40 44 47 51 56 60 65 70 76 81 87 93 100 106 113 120 128 136 144 152
-27 -26 -26 -25 -25 -24 -23 -22 -21 -20 -19 -17 -16 -15 -13 -12 -10 -9 -8 -6 -5 -3 -2 -1 0 2 3 4 5 6 6 7 8 8 9 10 10 10 11 11 11 11 11 11 11 11 11 11 11 12 12 12 12 12 13 13 14 14 15 16 17 19 20 22 23 25 28 30 33 36 39 42 46 50 54 58 63 68 73 79 85 91 97 104 110 118 125 132 140 148
-27 -26 -26 -25 -25 -24 -23 -22 -21 -20 -19 -17 -16 -15 -13 -12 -10 -9 -8 -6 -5 -3 -2 -1 0 2 3 4 5 6 7 7 8 9 9 10 10 10 11 11 11 11 11 11 11 11 11 11 11 11 12 12 12 12 12 13 13 14 15 16 17 18 19 21 23 24 27 29 32 34 37 41 44 48 52 57 61 66 71 77 82 88 95 101 108 115 122 130 137 145
-27 -26 -26 -25 -25 -24 -23 -22 -21 -20 -19 -17 -16 -15 -13 -12 -10 -9 -7 -6 -5 -3 -2 -1 1 2 3 4 5 6 7 7 8 9 9 10 10 11 11 11 11 11 11 11 11 11 11 11 11 11 11 12 12 12 12 13 13 14 14 15 16 17 19 20 22 24 26 28 30 33 36 39 43 47 51 55 59 64 69 75 80 86 92 99 105 112 119 127 134 142
-27 -27 -26 -26 -25 -24 -23 -22 -21 -20 -19 -17 -16 -15 -13 -12 -10 -9 -7 -6 -5 -3 -2 -1 1 2 3 4 5 6 7 8 8 9 10 10 10 11 11 11 11 11 11 12 12 11 11 11 11 11 11 11 12 12 12 12 13 13 14 15 16 17 18 19 21 23 25 27 29 32 35 38 42 45 49 53 58 62 67 73 78 84 90 96 103 110 117 124 131 139
-27 -27 -26 -26 -25 -24 -23 -22 -21 -20 -19 -17 -16 -15 -13 -12 -10 -9 -7 -6 -5 -3 -2 0 1 2 3 4 5 6 7 8 9 9 10 10 11 11 11 11 11 12 12 12 12 12 11 11 11 11 11 11 11 12 12 12 12 13 13 14 15 16 17 19 20 22 24 26 28 31 34 37 40 44 48 52 56 61 66 71 76 82 88 94 100 107 114 121 129 136
-27 -27 -26 -26 -25 -24 -23 -22 -21 -20 -19 -17 -16 -15 -13 -12 -10 -9 -7 -6 -4 -3 -2 0 1 2 3 4 5 6 7 8 9 9 10 10 11 11 11 11 12 12 12 12 12 12 12 11 11 11 11 11 11 11 12 12 12 13 13 14 15 16 17 18 20 21 23 25 27 30 33 36 39 42 46 50 54 59 64 69 74 80 86 92 98 105 112 119 126 134
-27 -27 -27 -26 -25 -24 -23 -22 -21 -20 -19 -18 -16 -15 -13 -12 -10 -9 -7 -6 -4 -3 -2 0 1 2 3 4 5 6 7 8 9 9 10 10 11 11 11 12 12 12 12 12 12 12 12 12 11 11 11 11 11 11 11 12 12 12 13 13 14 15 16 17 19 21 22 24 27 29 32 35 38 41 45 49 53 57 62 67 72 78 84 90 96 102 109 116 123 131
-28 -27 -27 -26 -25 -25 -24 -23 -21 -20 -19 -18 -16 -15 -13 -12 -10 -9 -7 -6 -4 -3 -2 0 1 2 3 5 6 7 7 8 9 10 10 11 11 11 12 12 12 12 12 12 12 12 12 12 11 11 11 11 11 11 11 11 12 12 13 13 14 15 16 17 18 20 22 24 26 28 31 34 37 40 44 47 51 56 60 65 71 76 82 88 94 100 107 114 121 128
-28 -27 -27 -26 -26 -25 -24 -23 -22 -20 -19 -18 -16 -15 -13 -12 -10 -9 -7 -6 -4 -3 -2 0 1 2 4 5 6 7 8 8 9 10 10 11 11 12 12 12 12 12 12 12 12 12 12 12 12 11 11 11 11 11 11 11 12 12 12 13 14 14 15 16 18 19 21 23 25 27 30 33 36 39 42 46 50 54 59 64 69 74 80 86 92 98 105 112 119 126
-28 -28 -27 -26 -26 -25 -24 -23 -22 -20 -19 -18 -16 -15 -13 -12 -10 -9 -7 -6 -4 -3 -1 0 1 2 4 5 6 7 8 9 9 10 10 11 11 12 12 12 12 12 12 12 12 12 12 12 12 11 11 11 11 11 11 11 11 12 12 13 13 14 15 16 17 19 20 22 24 26 29 32 35 38 41 45 49 53 58 62 67 72 78 84 90 96 103 109 116 124
-28 -28 -27 -27 -26 -25 -24 -23 -22 -21 -19 -18 -16 -15 -14 -12 -10 -9 -7 -6 -4 -3 -1 0 1 3 4 5 6 7 8 9 9 10 11 11 12 12 12 12 12 13 13 12 12 12 12 12 12 12 11 11 11 11 11 11 11 12 12 12 13 14 15 16 17 18 20 22 24 26 28 31 34 37 40 44 48 52 56 61 66 71 76 82 88 94 101 107 114 122
-28 -28 -28 -27 -26 -25 -24 -23 -22 -21 -19 -18 -17 -15 -14 -12 -11 -9 -7 -6 -4 -3 -1 0 1 3 4 5 6 7 8 9 10 10 11 11 12 12 12 13 13 13 13 13 13 12 12 12 12 12 12 11 11 11 11 11 11 11 12 12 13 13 14 15 16 18 19 21 23 25 27 30 33 36 39 43 46 51 55 59 64 69 75 80 86 92 99 105 112 120
-29 -28 -28 -27 -26 -25 -24 -23 -22 -21 -20 -18 -17 -15 -14 -12 -11 -9 -7 -6 -4 -3 -1 0 1 3 4 5 6 7 8 9 10 10 11 11 12 12 13 13 13 13 13 13 13 13 12 12 12 12 12 11 11 11 11 11 11 11 12 12 13 13 14 15 16 17 19 20 22 24 27 29 32 35 38 42 45 49 54 58 63 68 73 79 85 91 97 104 111 118
-29 -29 -28 -27 -27 -26 -25 -24 -22 -21 -20 -18 -17 -15 -14 -12 -11 -9 -8 -6 -4 -3 -1 0 1 3 4 5 6 7 8 9 10 11 11 12 12 12 13 13 13 13 13 13 13 13 13 12 12 12 12 12 11 11 11 11 11 11 12 12 12 13 14 15 16 17 18 20 22 24 26 28 31 34 37 41 44 48 53 57 62 67 72 77 83 89 95 102 109 116
-29 -29 -28 -28 -27 -26 -25 -24 -23 -21 -20 -19 -17 -16 -14 -12 -11 -9 -8 -6 -4 -3 -1 0 1 3 4 5 6 7 8 9 10 11 11 12 12 13 13 13 13 13 13 13 13 13 13 13 12 12 12 12 11 11 11 11 11 11 12 12 12 13 14 14 15 17 18 20 21 23 25 28 30 33 36 40 43 47 51 56 61 65 71 76 82 88 94 100 107 114
-30 -29 -29 -28 -27 -26 -25 -24 -23 -22 -20 -19 -17 -16 -14 -13 -11 -9 -8 -6 -4 -3 -1 0 1 3 4 5 6 7 8 9 10 11 11 12 12 13 13 13 13 13 13 13 13 13 13 13 12 12 12 12 12 11 11 11 11 11 11 12 12 13 13 14 15 16 18 19 21 23 25 27 30 33 36 39 43 46 50 55 59 64 69 75 80 86 92 99 106 112
-30 -29 -29 -28 -27 -26 -25 -24 -23 -22 -20 -19 -17 -16 -14 -13 -11 -9 -8 -6 -5 -3 -1 0 1 3 4 5 6 8 8 9 10 11 12 12 13 13 13 13 14 14 14 14 13 13 13 13 13 12 12 12 12 11 11 11 11 11 11 12 12 13 13 14 15 16 17 19 20 22 24 27 29 32 35 38 42 46 50 54 58 63 68 74 79 85 91 97 104 111
-30 -30 -29 -28 -28 -27 -26 -25 -23 -22 -21 -19 -18 -16 -14 -13 -11 -10 -8 -6 -5 -3 -2 0 1 3 4 5 6 8 9 9 10 11 12 12 13 13 13 14 14 14 14 14 14 13 13 13 13 13 12 12 12 12 11 11 11 11 11 12 12 12 13 14 15 16 17 18 20 22 24 26 29 31 34 38 41 45 49 53 57 62 67 72 78 84 90 96 103 110
-30 -30 -29 -29 -28 -27 -26 -25 -24 -22 -21 -19 -18 -16 -15 -13 -11 -10 -8 -6 -5 -3 -2 0 1 3 4 5 7 8 9 10 10 11 12 12 13 13 14 14 14 14 14 14 14 14 13 13 13 13 12 12 12 12 12 11 11 11 11 12 12 12 13 14 15 16 17 18 20 22 24 26 28 31 34 37 40 44 48 52 57 61 66 71 77 83 89 95 101 108
-31 -30 -30 -29 -28 -27 -26 -25 -24 -22 -21 -20 -18 -16 -15 -13 -11 -10 -8 -6 -5 -3 -2 0 1 3 4 5 7 8 9 10 10 11 12 12 13 13 14 14 14 14 14 14 14 14 14 13 13 13 13 12 12 12 12 12 11 11 12 12 12 12 13 14 14 15 17 18 19 21 23 25 28 30 33 36 40 43 47 51 56 60 65 71 76 82 88 94 100 107
-31 -31 -30 -29 -29 -28 -27 -25 -24 -23 -21 -20 -18 -17 -15 -13 -12 -10 -8 -7 -5 -3 -2 0 1 3 4 5 7 8 9 10 11 11 12 13 13 14 14 14 14 14 14 14 14 14 14 14 13 13 13 12 12 12 12 12 12 12 12 12 12 12 13 14 14 15 16 18 19 21 23 25 27 30 33 36 39 43 47 51 55 60 64 70 75 81 87 93 99 106
-31 -31 -30 -30 -29 -28 -27 -26 -24 -23 -22 -20 -18 -17 -15 -14 -12 -10 -8 -7 -5 -3 -2 0 1 3 4 5 7 8 9 10 11 11 12 13 13 14 14 14 14 14 15 14 14 14 14 14 13 13 13 13 12 12 12 12 12 12 12 12 12 12 13 13 14 15 16 18 19 21 23 25 27 30 32 35 39 42 46 50 54 59 64 69 74 80 86 92 98 105
-32 -31 -31 -30 -29 -28 -27 -26 -25 -23 -22 -20 -19 -17 -15 -14 -12 -10 -9 -7 -5 -4 -2 0 1 3 4 5 7 8 9 10 11 11 12 13 13 14 14 14 15 15 15 15 15 14 14 14 14 13 13 13 13 12 12 12 12 12 12 12 12 12 13 13 14 15 16 17 19 20 22 24 27 29 32 35 38 42 45 49 54 58 63 68 73 79 85 91 97 104
-32 -32 -31 -30 -30 -29 -27 -26 -25 -24 -22 -21 -19 -17 -16 -14 -12 -10 -9 -7 -5 -4 -2 0 1 3 4 5 7 8 9 10 11 12 12 13 13 14 14 15 15 15 15 15 15 15 14 14 14 14 13 13 13 12 12 12 12 12 12 12 12 12 13 13 14 15 16 17 19 20 22 24 26 29 32 35 38 41 45 49 53 58 62 67 73 78 84 90 97 103
-32 -32 -31 -31 -30 -29 -28 -27 -25 -24 -22 -21 -19 -18 -16 -14 -12 -11 -9 -7 -6 -4 -2 -1 1 2 4 5 7 8 9 10 11 12 12 13 14 14 14 15 15 15 15 15 15 15 15 14 14 14 13 13 13 13 12 12 12 12 12 12 12 12 13 13 14 15 16 17 19 20 22 24 26 29 31 34 37 41 45 48 53 57 62 67 72 78 83 90 96 102
-33 -32 -32 -31 -30 -29 -28 -27 -26 -24 -23 -21 -20 -18 -16 -14 -13 -11 -9 -7 -6 -4 -2 -1 1 2 4 5 6 8 9 10 11 12 12 13 14 14 14 15 15 15 15 15 15 15 15 14 14 14 14 13 13 13 13 12 12 12 12 12 12 13 13 13 14 15 16 17 18 20 22 24 26 28 31 34 37 40 44 48 52 57 61 66 72 77 83 89 95 102
-33 -33 -32 -31 -30 -30 -28 -27 -26 -24 -23 -21 -20 -18 -16 -15 -13 -11 -9 -8 -6 -4 -2 -1 1 2 4 5 6 8 9 10 11 12 12 13 14 14 15 15 15 15 15 15 15 15 15 15 14 14 14 14 13 13 13 12 12 12 12 12 12 13 13 13 14 15 16 17 18 20 22 24 26 28 31 34 37 40 44 48 52 56 61 66 71 77 82 88 95 101
-33 -33 -32 -32 -31 -30 -29 -27 -26 -25 -23 -22 -20 -18 -17 -15 -13 -11 -10 -8 -6 -4 -3 -1 1 2 4 5 6 8 9 10 11 12 12 13 14 14 15 15 15 15 15 15 15 15 15 15 15 14 14 14 13 13 13 13 12 12 12 12 12 13 13 14 14 15 16 17 18 20 22 23 26 28 31 33 37 40 43 47 51 56 61 65 71 76 82 88 94 101
-34 -33 -33 -32 -31 -30 -29 -28 -26 -25 -24 -22 -20 -19 -17 -15 -13 -12 -10 -8 -6 -4 -3 -1 1 2 4 5 6 8 9 10 11 12 13 13 14 14 15 15 15 15 16 16 16 15 15 15 15 14 14 14 14 13 13 13 13 12 12 12 13 13 13 14 14 15 16 17 18 20 21 23 25 28 30 33 36 40 43 47 51 56 60 65 70 76 81 87 94 100
