DEM/Namibia_lowres_filtered.asc
ncols        516
nrows        611
xllcorner    288845.000000000000
yllcorner    7342325.000000000000
cellsize     1000.000000000000
[rows 360 to 399 of 611, columns 270 to 359 of 516]
1207 1209 1211 1213 1215 1217 1220 1222 1224 1227 1229 1231 1234 1236 1239 1242 1244 1247 1250 1252 1255 1258 1261 1263 1266 1269 1272 1275 1277 1280 1283 1286 1289 1291 1294 1297 1299 1302 1305 1307 1310 1312 1315 1317 1320 1322 1325 1327 1329 1331 1334 1336 1338 1340 1343 1345 1347 1349 1351 1354 1356 1358 1360 1362 1365 1367 1369 1372 1374 1377 1379 1382 1384 1387 1390 1393 1395 1398 1401 1405 1408 1411 1414 1417 1421 1424 1428 1431 1435 1438
1207 1209 1211 1213 1215 1217 1219 1222 1224 1226 1229 1231 1234 1236 1239 1241 1244 1247 1249 1252 1255 1257 1260 1263 1266 1269 1271 1274 1277 1280 1283 1286 1288 1291 1294 1296 1299 1302 1304 1307 1310 1312 1315 1317 1319 1322 1324 1326 1329 1331 1333 1335 1338 1340 1342 1344 1346 1348 1350 1352 1355 1357 1359 1361 1363 1366 1368 1370 1372 1375 1377 1380 1382 1385 1388 1390 1393 1396 1399 1402 1405 1408 1411 1414 1418 1421 1424 1428 1431 1435
1206 1208 1210 1213 1215 1217 1219 1221 1224 1226 1228 1231 1233 1236 1238 1241 1243 1246 1249 1251 1254 1257 1260 1263 1265 1268 1271 1274 1277 1279 1282 1285 1288 1291 1293 1296 1299 1301 1304 1307 1309 1312 1314 1316 1319 1321 1324 1326 1328 1330 1332 1335 1337 1339 1341 1343 1345 1347 1349 1351 1353 1355 1357 1359 1362 1364 1366 1368 1370 1373 1375 1377 1380 1382 1385 1388 1390 1393 1396 1399 1402 1405 1408 1411 1414 1417 1421 1424 1427 1431
1206 1208 1210 1212 1214 1216 1218 1221 1223 1225 1228 1230 1232 1235 1237 1240 1243 1245 1248 1251 1253 1256 1259 1262 1265 1267 1270 1273 1276 1279 1282 1284 1287 1290 1293 1295 1298 1301 1303 1306 1308 1311 1313 1316 1318 1320 1323 1325 1327 1329 1331 1334 1336 1338 1340 1342 1344 1346 1348 1350 1352 1354 1356 1358 1360 1362 1364 1366 1368 1370 1373 1375 1377 1380 1382 1385 1387 1390 1393 1395 1398 1401 1404 1407 1410 1414 1417 1420 1423 1427
1205 1207 1209 1211 1213 1215 1217 1220 1222 1224 1227 1229 1231 1234 1236 1239 1242 1244 1247 1250 1252 1255 1258 1261 1264 1267 1269 1272 1275 1278 1281 1283 1286 1289 1292 1294 1297 1300 1302 1305 1307 1310 1312 1315 1317 1319 1322 1324 1326 1328 1330 1332 1334 1336 1338 1340 1342 1344 1346 1348 1350 1352 1354 1356 1358 1360 1362 1364 1366 1368 1370 1372 1374 1377 1379 1382 1384 1387 1389 1392 1395 1398 1400 1403 1406 1410 1413 1416 1419 1422
1204 1206 1208 1210 1212 1214 1216 1219 1221 1223 1225 1228 1230 1233 1235 1238 1240 1243 1246 1249 1251 1254 1257 1260 1263 1265 1268 1271 1274 1277 1280 1282 1285 1288 1291 1293 1296 1299 1301 1304 1306 1309 1311 1313 1316 1318 1320 1322 1324 1327 1329 1331 1333 1335 1337 1338 1340 1342 1344 1346 1348 1350 1351 1353 1355 1357 1359 1361 1363 1365 1367 1369 1371 1374 1376 1378 1381 1383 1386 1388 1391 1394 1396 1399 1402 1405 1408 1411 1415 1418
1203 1205 1207 1209 1211 1213 1215 1217 1219 1222 1224 1226 1229 1231 1234 1236 1239 1242 1244 1247 1250 1253 1255 1258 1261 1264 1267 1270 1273 1275 1278 1281 1284 1286 1289 1292 1295 1297 1300 1302 1305 1307 1310 1312 1314 1316 1319 1321 1323 1325 1327 1329 1331 1333 1335 1336 1338 1340 1342 1344 1345 1347 1349 1351 1352 1354 1356 1358 1360 1362 1364 1366 1368 1370 1372 1374 1377 1379 1382 1384 1387 1389 1392 1395 1398 1401 1404 1407 1410 1413
1202 1204 1205 1207 1209 1211 1214 1216 1218 1220 1222 1225 1227 1230 1232 1235 1237 1240 1243 1245 1248 1251 1254 1257 1260 1262 1265 1268 1271 1274 1277 1279 1282 1285 1288 1290 1293 1295 1298 1301 1303 1305 1308 1310 1312 1315 1317 1319 1321 1323 1325 1327 1329 1330 1332 1334 1336 1338 1339 1341 1343 1344 1346 1348 1349 1351 1353 1355 1357 1358 1360 1362 1364 1366 1368 1371 1373 1375 1377 1380 1382 1385 1388 1390 1393 1396 1399 1402 1405 1408
1200 1202 1204 1206 1208 1210 1212 1214 1216 1218 1221 1223 1225 1228 1230 1233 1235 1238 1241 1244 1246 1249 1252 1255 1258 1260 1263 1266 1269 1272 1275 1277 1280 1283 1286 1288 1291 1294 1296 1299 1301 1303 1306 1308 1310 1312 1315 1317 1319 1321 1323 1324 1326 1328 1330 1331 1333 1335 1336 1338 1340 1341 1343 1345 1346 1348 1350 1351 1353 1355 1357 1358 1360 1362 1364 1366 1369 1371 1373 1375 1378 1380 1383 1386 1388 1391 1394 1397 1400 1403
1198 1200 1202 1204 1206 1208 1210 1212 1214 1216 1218 1221 1223 1226 1228 1231 1233 1236 1239 1241 1244 1247 1250 1253 1255 1258 1261 1264 1267 1270 1273 1275 1278 1281 1284 1286 1289 1291 1294 1296 1299 1301 1304 1306 1308 1310 1312 1314 1316 1318 1320 1322 1324 1325 1327 1329 1330 1332 1333 1335 1337 1338 1340 1341 1343 1344 1346 1348 1349 1351 1353 1354 1356 1358 1360 1362 1364 1366 1368 1371 1373 1375 1378 1380 1383 1386 1389 1391 1394 1397
1196 1198 1200 1201 1203 1205 1207 1209 1212 1214 1216 1218 1221 1223 1226 1228 1231 1234 1236 1239 1242 1245 1247 1250 1253 1256 1259 1262 1265 1267 1270 1273 1276 1278 1281 1284 1286 1289 1291 1294 1296 1299 1301 1303 1305 1307 1310 1312 1313 1315 1317 1319 1321 1322 1324 1326 1327 1329 1330 1332 1333 1335 1336 1338 1339 1341 1342 1344 1345 1347 1348 1350 1352 1354 1355 1357 1359 1361 1364 1366 1368 1370 1373 1375 1378 1380 1383 1386 1389 1392
1194 1195 1197 1199 1201 1203 1205 1207 1209 1211 1213 1216 1218 1221 1223 1226 1228 1231 1234 1236 1239 1242 1245 1248 1250 1253 1256 1259 1262 1265 1268 1270 1273 1276 1279 1281 1284 1286 1289 1291 1294 1296 1298 1300 1303 1305 1307 1309 1310 1312 1314 1316 1318 1319 1321 1322 1324 1325 1327 1328 1330 1331 1332 1334 1335 1337 1338 1339 1341 1342 1344 1346 1347 1349 1351 1353 1354 1356 1358 1361 1363 1365 1367 1370 1372 1375 1378 1380 1383 1386
1191 1193 1195 1196 1198 1200 1202 1204 1206 1208 1211 1213 1215 1218 1220 1223 1225 1228 1231 1234 1236 1239 1242 1245 1248 1250 1253 1256 1259 1262 1265 1267 1270 1273 1276 1278 1281 1283 1286 1288 1291 1293 1295 1297 1299 1302 1304 1305 1307 1309 1311 1312 1314 1316 1317 1319 1320 1322 1323 1324 1326 1327 1328 1330 1331 1332 1334 1335 1336 1338 1339 1341 1342 1344 1346 1347 1349 1351 1353 1355 1357 1360 1362 1364 1367 1369 1372 1374 1377 1380
1188 1190 1192 1193 1195 1197 1199 1201 1203 1205 1208 1210 1212 1215 1217 1220 1222 1225 1228 1230 1233 1236 1239 1242 1244 1247 1250 1253 1256 1259 1262 1264 1267 1270 1272 1275 1278 1280 1283 1285 1287 1290 1292 1294 1296 1298 1300 1302 1304 1306 1307 1309 1310 1312 1313 1315 1316 1318 1319 1320 1321 1323 1324 1325 1326 1328 1329 1330 1332 1333 1334 1336 1337 1339 1341 1342 1344 1346 1348 1350 1352 1354 1356 1358 1361 1363 1366 1368 1371 1374
1185 1187 1188 1190 1192 1194 1196 1198 1200 1202 1204 1206 1209 1211 1214 1216 1219 1222 1224 1227 1230 1233 1235 1238 1241 1244 1247 1250 1253 1255 1258 1261 1264 1266 1269 1272 1274 1277 1279 1282 1284 1286 1288 1291 1293 1295 1296 1298 1300 1302 1303 1305 1307 1308 1309 1311 1312 1313 1315 1316 1317 1318 1320 1321 1322 1323 1324 1325 1327 1328 1329 1331 1332 1334 1335 1337 1338 1340 1342 1344 1346 1348 1350 1352 1355 1357 1360 1362 1365 1368
1182 1183 1185 1187 1188 1190 1192 1194 1196 1198 1201 1203 1205 1208 1210 1213 1215 1218 1221 1223 1226 1229 1232 1235 1237 1240 1243 1246 1249 1252 1255 1257 1260 1263 1265 1268 1271 1273 1276 1278 1280 1283 1285 1287 1289 1291 1293 1294 1296 1298 1299 1301 1302 1304 1305 1307 1308 1309 1310 1311 1313 1314 1315 1316 1317 1318 1319 1320 1322 1323 1324 1325 1327 1328 1330 1331 1333 1334 1336 1338 1340 1342 1344 1346 1349 1351 1353 1356 1359 1361
1178 1180 1181 1183 1185 1186 1188 1190 1192 1194 1197 1199 1201 1204 1206 1209 1211 1214 1217 1219 1222 1225 1228 1231 1234 1236 1239 1242 1245 1248 1251 1254 1256 1259 1262 1264 1267 1269 1272 1274 1276 1279 1281 1283 1285 1287 1289 1290 1292 1294 1295 1297 1298 1300 1301 1302 1303 1304 1306 1307 1308 1309 1310 1311 1312 1313 1314 1315 1316 1317 1319 1320 1321 1322 1324 1325 1327 1329 1330 1332 1334 1336 1338 1340 1342 1345 1347 1349 1352 1355
1174 1176 1177 1179 1181 1182 1184 1186 1188 1190 1193 1195 1197 1200 1202 1205 1207 1210 1213 1215 1218 1221 1224 1227 1230 1232 1235 1238 1241 1244 1247 1249 1252 1255 1258 1260 1263 1265 1268 1270 1272 1274 1277 1279 1281 1282 1284 1286 1288 1289 1291 1292 1294 1295 1296 1297 1299 1300 1301 1302 1303 1304 1305 1306 1307 1308 1309 1310 1311 1312 1313 1314 1315 1317 1318 1319 1321 1322 1324 1326 1328 1330 1332 1334 1336 1338 1341 1343 1346 1348
1170 1171 1173 1175 1176 1178 1180 1182 1184 1186 1188 1190 1193 1195 1198 1200 1203 1206 1208 1211 1214 1217 1219 1222 1225 1228 1231 1234 1237 1240 1242 1245 1248 1251 1253 1256 1258 1261 1263 1266 1268 1270 1272 1274 1276 1278 1280 1281 1283 1285 1286 1288 1289 1290 1291 1293 1294 1295 1296 1297 1298 1299 1300 1300 1301 1302 1303 1304 1305 1306 1307 1308 1310 1311 1312 1313 1315 1316 1318 1320 1321 1323 1325 1327 1329 1332 1334 1336 1339 1342
1166 1167 1168 1170 1172 1173 1175 1177 1179 1181 1184 1186 1188 1191 1193 1196 1198 1201 1204 1206 1209 1212 1215 1218 1221 1224 1226 1229 1232 1235 1238 1241 1243 1246 1249 1251 1254 1256 1259 1261 1263 1265 1268 1270 1271 1273 1275 1277 1278 1280 1281 1283 1284 1285 1286 1287 1289 1290 1291 1291 1292 1293 1294 1295 1296 1297 1298 1298 1299 1300 1301 1302 1303 1305 1306 1307 1309 1310 1312 1313 1315 1317 1319 1321 1323 1325 1327 1330 1332 1335
1161 1162 1164 1165 1167 1169 1171 1172 1174 1177 1179 1181 1183 1186 1188 1191 1193 1196 1199 1202 1204 1207 1210 1213 1216 1219 1222 1225 1227 1230 1233 1236 1239 1241 1244 1247 1249 1252 1254 1256 1259 1261 1263 1265 1267 1268 1270 1272 1273 1275 1276 1278 1279 1280 1281 1282 1283 1284 1285 1286 1287 1288 1289 1289 1290 1291 1292 1293 1293 1294 1295 1296 1297 1298 1300 1301 1302 1304 1305 1307 1308 1310 1312 1314 1316 1318 1321 1323 1326 1328
1156 1157 1159 1160 1162 1164 1166 1167 1169 1172 1174 1176 1178 1181 1183 1186 1188 1191 1194 1197 1199 1202 1205 1208 1211 1214 1217 1220 1223 1225 1228 1231 1234 1236 1239 1242 1244 1247 1249 1251 1254 1256 1258 1260 1262 1263 1265 1267 1268 1270 1271 1272 1274 1275 1276 1277 1278 1279 1280 1280 1281 1282 1283 1284 1284 1285 1286 1287 1287 1288 1289 1290 1291 1292 1293 1295 1296 1297 1299 1300 1302 1304 1305 1307 1309 1312 1314 1316 1319 1321
1151 1152 1154 1155 1157 1158 1160 1162 1164 1166 1168 1171 1173 1175 1178 1181 1183 1186 1189 1191 1194 1197 1200 1203 1206 1209 1212 1215 1217 1220 1223 1226 1229 1231 1234 1237 1239 1242 1244 1246 1248 1251 1253 1255 1256 1258 1260 1262 1263 1264 1266 1267 1268 1269 1270 1271 1272 1273 1274 1275 1276 1276 1277 1278 1278 1279 1280 1281 1281 1282 1283 1284 1285 1286 1287 1288 1289 1291 1292 1294 1295 1297 1299 1301 1303 1305 1307 1310 1312 1315
1145 1147 1148 1150 1151 1153 1155 1157 1159 1161 1163 1165 1168 1170 1173 1175 1178 1180 1183 1186 1189 1192 1195 1198 1200 1203 1206 1209 1212 1215 1218 1221 1223 1226 1229 1231 1234 1236 1239 1241 1243 1245 1247 1249 1251 1253 1255 1256 1258 1259 1260 1262 1263 1264 1265 1266 1267 1267 1268 1269 1270 1270 1271 1272 1272 1273 1274 1274 1275 1276 1277 1278 1278 1279 1280 1282 1283 1284 1285 1287 1289 1290 1292 1294 1296 1298 1300 1303 1305 1308
1140 1141 1143 1144 1146 1147 1149 1151 1153 1155 1157 1160 1162 1164 1167 1169 1172 1175 1178 1180 1183 1186 1189 1192 1195 1198 1201 1204 1207 1210 1213 1215 1218 1221 1223 1226 1229 1231 1233 1236 1238 1240 1242 1244 1246 1247 1249 1251 1252 1254 1255 1256 1257 1258 1259 1260 1261 1262 1262 1263 1264 1264 1265 1266 1266 1267 1268 1268 1269 1270 1270 1271 1272 1273 1274 1275 1276 1278 1279 1280 1282 1284 1285 1287 1289 1291 1294 1296 1299 1301
1134 1135 1137 1138 1140 1141 1143 1145 1147 1149 1151 1154 1156 1159 1161 1164 1166 1169 1172 1175 1178 1181 1183 1186 1189 1192 1195 1198 1201 1204 1207 1210 1213 1215 1218 1221 1223 1225 1228 1230 1232 1234 1236 1238 1240 1242 1244 1245 1247 1248 1249 1250 1251 1252 1253 1254 1255 1256 1257 1257 1258 1258 1259 1260 1260 1261 1261 1262 1263 1263 1264 1265 1266 1267 1267 1269 1270 1271 1272 1274 1275 1277 1279 1281 1283 1285 1287 1290 1292 1295
1128 1129 1131 1132 1134 1135 1137 1139 1141 1143 1145 1148 1150 1153 1155 1158 1160 1163 1166 1169 1172 1175 1178 1181 1184 1187 1190 1193 1195 1198 1201 1204 1207 1210 1212 1215 1217 1220 1222 1225 1227 1229 1231 1233 1235 1236 1238 1239 1241 1242 1243 1245 1246 1247 1248 1248 1249 1250 1251 1251 1252 1252 1253 1253 1254 1255 1255 1256 1256 1257 1258 1258 1259 1260 1261 1262 1263 1264 1266 1267 1269 1270 1272 1274 1276 1278 1281 1283 1285 1288
1122 1123 1124 1126 1127 1129 1131 1133 1135 1137 1139 1142 1144 1146 1149 1152 1154 1157 1160 1163 1166 1169 1172 1175 1178 1181 1184 1187 1190 1193 1195 1198 1201 1204 1207 1209 1212 1214 1217 1219 1221 1223 1225 1227 1229 1231 1232 1234 1235 1236 1238 1239 1240 1241 1242 1242 1243 1244 1245 1245 1246 1246 1247 1247 1248 1248 1249 1249 1250 1251 1251 1252 1253 1254 1255 1256 1257 1258 1259 1261 1262 1264 1266 1268 1270 1272 1274 1276 1279 1282
1115 1117 1118 1119 1121 1123 1125 1126 1129 1131 1133 1135 1138 1140 1143 1145 1148 1151 1154 1157 1160 1163 1166 1169 1172 1175 1178 1181 1184 1187 1190 1192 1195 1198 1201 1203 1206 1208 1211 1213 1215 1217 1219 1221 1223 1225 1226 1228 1229 1230 1232 1233 1234 1235 1236 1236 1237 1238 1238 1239 1240 1240 1241 1241 1242 1242 1243 1243 1244 1244 1245 1246 1246 1247 1248 1249 1250 1251 1253 1254 1256 1257 1259 1261 1263 1265 1268 1270 1273 1275
1109 1110 1111 1113 1114 1116 1118 1120 1122 1124 1126 1129 1131 1134 1136 1139 1142 1145 1147 1150 1153 1156 1159 1162 1166 1169 1172 1175 1178 1181 1184 1187 1189 1192 1195 1197 1200 1202 1205 1207 1209 1211 1213 1215 1217 1219 1220 1222 1223 1225 1226 1227 1228 1229 1230 1230 1231 1232 1232 1233 1234 1234 1234 1235 1235 1236 1236 1237 1237 1238 1239 1239 1240 1241 1242 1243 1244 1245 1246 1248 1249 1251 1253 1255 1257 1259 1261 1264 1266 1269
1102 1103 1105 1106 1108 1109 1111 1113 1115 1118 1120 1122 1125 1127 1130 1133 1135 1138 1141 1144 1147 1150 1153 1156 1159 1162 1166 1169 1172 1175 1178 1180 1183 1186 1189 1192 1194 1197 1199 1201 1203 1206 1208 1209 1211 1213 1215 1216 1217 1219 1220 1221 1222 1223 1224 1224 1225 1226 1226 1227 1227 1228 1228 1229 1229 1230 1230 1231 1231 1232 1232 1233 1234 1235 1235 1236 1238 1239 1240 1241 1243 1245 1247 1248 1251 1253 1255 1258 1260 1263
1095 1096 1098 1099 1101 1103 1105 1106 1109 1111 1113 1115 1118 1121 1123 1126 1129 1132 1135 1138 1141 1144 1147 1150 1153 1156 1159 1162 1165 1169 1171 1174 1177 1180 1183 1186 1188 1191 1193 1195 1198 1200 1202 1204 1205 1207 1209 1210 1212 1213 1214 1215 1216 1217 1218 1219 1219 1220 1220 1221 1221 1222 1222 1223 1223 1224 1224 1225 1225 1226 1226 1227 1228 1228 1229 1230 1231 1233 1234 1235 1237 1239 1240 1242 1245 1247 1249 1252 1254 1257
1088 1089 1091 1092 1094 1096 1098 1100 1102 1104 1106 1109 1111 1114 1117 1119 1122 1125 1128 1131 1134 1137 1140 1144 1147 1150 1153 1156 1159 1162 1165 1168 1171 1174 1177 1180 1182 1185 1187 1189 1192 1194 1196 1198 1200 1201 1203 1204 1206 1207 1208 1209 1210 1211 1212 1213 1213 1214 1214 1215 1215 1216 1216 1217 1217 1218 1218 1218 1219 1220 1220 1221 1222 1222 1223 1224 1225 1227 1228 1229 1231 1233 1234 1236 1239 1241 1243 1246 1249 1252
1081 1082 1084 1085 1087 1089 1091 1093 1095 1097 1099 1102 1104 1107 1110 1113 1116 1119 1122 1125 1128 1131 1134 1137 1140 1144 1147 1150 1153 1156 1159 1162 1165 1168 1171 1174 1176 1179 1181 1184 1186 1188 1190 1192 1194 1195 1197 1198 1200 1201 1202 1203 1204 1205 1206 1207 1207 1208 1209 1209 1210 1210 1210 1211 1211 1212 1212 1213 1213 1214 1214 1215 1216 1216 1217 1218 1219 1221 1222 1223 1225 1227 1229 1231 1233 1235 1238 1240 1243 1246
1074 1075 1076 1078 1080 1082 1083 1086 1088 1090 1092 1095 1098 1100 1103 1106 1109 1112 1115 1118 1121 1124 1128 1131 1134 1137 1141 1144 1147 1150 1153 1156 1159 1162 1165 1168 1170 1173 1175 1178 1180 1182 1184 1186 1188 1190 1191 1193 1194 1195 1197 1198 1199 1199 1200 1201 1202 1202 1203 1203 1204 1204 1205 1205 1205 1206 1206 1207 1207 1208 1208 1209 1210 1211 1212 1213 1214 1215 1216 1218 1219 1221 1223 1225 1227 1230 1232 1235 1238 1241
1066 1068 1069 1071 1073 1074 1076 1078 1081 1083 1085 1088 1091 1093 1096 1099 1102 1105 1108 1111 1115 1118 1121 1124 1128 1131 1134 1138 1141 1144 1147 1150 1153 1156 1159 1162 1164 1167 1169 1172 1174 1176 1178 1180 1182 1184 1186 1187 1188 1190 1191 1192 1193 1194 1195 1195 1196 1197 1197 1198 1198 1199 1199 1199 1200 1200 1201 1201 1202 1202 1203 1203 1204 1205 1206 1207 1208 1209 1211 1212 1214 1216 1218 1220 1222 1225 1227 1230 1233 1236
1059 1060 1062 1063 1065 1067 1069 1071 1074 1076 1078 1081 1084 1087 1089 1092 1095 1099 1102 1105 1108 1111 1115 1118 1121 1125 1128 1131 1135 1138 1141 1144 1147 1150 1153 1156 1159 1161 1164 1166 1168 1171 1173 1175 1177 1178 1180 1181 1183 1184 1185 1186 1187 1188 1189 1190 1191 1191 1192 1192 1193 1193 1193 1194 1194 1195 1195 1196 1196 1197 1197 1198 1199 1200 1201 1202 1203 1204 1206 1207 1209 1211 1213 1215 1217 1220 1222 1225 1228 1231
1051 1053 1054 1056 1058 1060 1062 1064 1066 1069 1071 1074 1077 1080 1083 1086 1089 1092 1095 1098 1102 1105 1108 1112 1115 1119 1122 1125 1129 1132 1135 1138 1141 1144 1147 1150 1153 1155 1158 1160 1163 1165 1167 1169 1171 1173 1174 1176 1177 1179 1180 1181 1182 1183 1184 1184 1185 1186 1186 1187 1187 1188 1188 1189 1189 1189 1190 1190 1191 1191 1192 1193 1194 1194 1195 1197 1198 1199 1201 1202 1204 1206 1208 1210 1212 1215 1218 1221 1224 1227
1044 1045 1047 1049 1051 1053 1055 1057 1059 1062 1064 1067 1070 1073 1076 1079 1082 1085 1089 1092 1095 1099 1102 1106 1109 1112 1116 1119 1123 1126 1129 1132 1135 1138 1141 1144 1147 1150 1152 1155 1157 1160 1162 1164 1166 1167 1169 1171 1172 1173 1175 1176 1177 1178 1178 1179 1180 1181 1181 1182 1182 1183 1183 1183 1184 1184 1185 1185 1186 1186 1187 1188 1189 1189 1190 1192 1193 1194 1196 1197 1199 1201 1203 1206 1208 1211 1213 1216 1219 1223
1036 1038 1040 1041 1043 1045 1047 1050 1052 1055 1057 1060 1063 1066 1069 1072 1075 1079 1082 1085 1089 1092 1096 1099 1103 1106 1110 1113 1117 1120 1123 1127 1130 1133 1136 1139 1142 1144 1147 1149 1152 1154 1156 1158 1160 1162 1164 1165 1167 1168 1169 1171 1172 1173 1173 1174 1175 1175 1176 1177 1177 1178 1178 1178 1179 1179 1180 1180 1181 1182 1182 1183 1184 1185 1186 1187 1188 1190 1191 1193 1195 1197 1199 1201 1204 1206 1209 1212 1216 1219
