DEM/Namibia_lowres.asc
ncols        516
nrows        611
xllcorner    288845.000000000000
yllcorner    7342325.000000000000
cellsize     1000.000000000000
[rows 205 to 245 of 611, columns 276 to 367 of 516]
973 973 977 980 983 993 998 996 996 1001 1007 1010 1011 1021 1027 1031 1034 1047 1059 1072 1104 1076 1085 1089 1093 1113 1137 1124 1156 1150 1191 1147 1139 1145 1144 1149 1155 1160 1159 1161 1172 1177 1185 1190 1199 1209 1219 1212 1212 1216 1223 1234 1229 1234 1236 1236 1237 1233 1235 1239 1253 1269 1355 1368 1334 1399 1566 1445 1481 1505 1539 1434 1438 1453 1307 1289 1288 1291 1294 1298 1302 1307 1311 1313 1318 1327 1327 1325 1333 1337 1343 1346
973 974 981 986 992 999 1120 1039 1014 1007 1009 1017 1028 1023 1029 1047 1052 1061 1081 1105 1078 1082 1089 1098 1107 1110 1111 1117 1119 1121 1124 1130 1135 1140 1142 1146 1150 1153 1158 1162 1168 1174 1183 1190 1194 1201 1206 1210 1214 1220 1223 1233 1235 1246 1244 1246 1240 1237 1240 1242 1257 1313 1386 1484 1429 1455 1479 1613 1605 1596 1801 1622 1433 1442 1296 1293 1295 1295 1302 1303 1308 1312 1316 1323 1327 1332 1331 1337 1335 1339 1351 1348
969 978 979 998 997 1010 1092 1169 1147 1027 1018 1036 1107 1062 1055 1067 1114 1137 1086 1154 1086 1089 1096 1112 1118 1142 1123 1129 1128 1119 1136 1133 1134 1138 1151 1148 1150 1154 1158 1163 1167 1173 1175 1185 1188 1194 1205 1215 1217 1222 1225 1228 1234 1239 1249 1249 1250 1243 1243 1249 1253 1296 1322 1378 1459 1457 1630 1580 1643 1594 1650 1627 1750 1437 1314 1295 1297 1313 1304 1306 1309 1315 1317 1326 1326 1334 1336 1335 1336 1342 1346 1350
970 976 987 994 1006 1022 1118 1101 1167 1117 1135 1123 1094 1141 1134 1178 1112 1098 1097 1113 1098 1100 1099 1114 1127 1128 1121 1124 1137 1127 1125 1130 1134 1136 1144 1149 1156 1156 1161 1164 1167 1171 1177 1183 1186 1197 1206 1215 1216 1218 1222 1221 1230 1236 1240 1243 1249 1246 1247 1254 1258 1287 1413 1565 1448 1591 1553 1505 1528 1606 1440 1576 1616 1484 1325 1300 1301 1307 1308 1310 1317 1322 1320 1332 1330 1337 1337 1342 1346 1347 1351 1356
976 983 989 1004 1021 1064 1071 1058 1122 1076 1091 1068 1093 1126 1102 1101 1118 1126 1099 1180 1165 1171 1115 1109 1114 1126 1132 1127 1142 1137 1129 1129 1133 1139 1144 1152 1155 1156 1162 1165 1172 1174 1178 1183 1186 1194 1201 1211 1214 1217 1217 1222 1226 1231 1238 1241 1246 1249 1251 1256 1263 1274 1304 1359 1398 1460 1392 1434 1508 1486 1366 1400 1537 1559 1339 1312 1308 1308 1310 1314 1316 1323 1326 1332 1333 1344 1348 1347 1348 1355 1356 1363
982 993 1009 1038 1125 1073 1047 1057 1102 1063 1052 1071 1081 1087 1094 1110 1123 1128 1109 1130 1155 1121 1127 1114 1117 1128 1146 1129 1169 1137 1136 1134 1136 1139 1146 1154 1163 1162 1168 1171 1186 1183 1186 1197 1190 1195 1201 1207 1211 1217 1220 1224 1228 1232 1238 1241 1245 1249 1253 1258 1260 1272 1284 1318 1535 1475 1510 1530 1363 1339 1371 1541 1757 1410 1334 1318 1311 1310 1311 1319 1323 1327 1326 1331 1333 1338 1344 1354 1356 1358 1364 1376
991 1012 1122 1188 1068 1044 1080 1072 1048 1047 1060 1068 1082 1102 1121 1095 1135 1110 1116 1139 1137 1126 1126 1122 1120 1127 1130 1135 1137 1149 1147 1140 1141 1145 1151 1157 1165 1176 1177 1178 1194 1186 1193 1192 1195 1198 1212 1207 1214 1217 1223 1228 1230 1236 1239 1243 1247 1250 1254 1259 1265 1272 1281 1317 1333 1322 1317 1323 1324 1342 1378 1741 1558 1372 1365 1316 1318 1317 1317 1322 1330 1330 1334 1335 1341 1341 1351 1356 1360 1362 1365 1373
1008 1096 1075 1043 1050 1040 1046 1035 1046 1084 1067 1072 1077 1087 1096 1111 1123 1108 1113 1115 1134 1140 1129 1144 1135 1141 1135 1144 1140 1151 1156 1142 1146 1146 1157 1164 1172 1199 1182 1186 1195 1202 1195 1199 1213 1209 1214 1216 1220 1224 1227 1232 1234 1241 1244 1246 1249 1255 1256 1261 1265 1271 1275 1288 1317 1300 1310 1319 1335 1356 1416 1483 1427 1400 1351 1331 1321 1319 1328 1332 1336 1338 1341 1336 1345 1353 1360 1359 1374 1365 1370 1375
1094 1007 1016 1011 1019 1023 1030 1058 1069 1101 1074 1085 1077 1108 1107 1138 1130 1117 1121 1117 1128 1145 1146 1148 1146 1149 1140 1134 1144 1158 1151 1145 1148 1151 1158 1188 1175 1183 1194 1195 1197 1203 1202 1206 1210 1225 1220 1220 1223 1229 1231 1234 1238 1242 1247 1249 1255 1257 1257 1261 1265 1270 1277 1282 1287 1298 1305 1324 1354 1434 1482 1455 1452 1367 1346 1331 1328 1326 1326 1335 1342 1341 1345 1346 1352 1358 1366 1385 1416 1374 1371 1374
990 1001 1035 1021 1104 1037 1054 1126 1107 1115 1076 1085 1091 1106 1115 1143 1137 1143 1130 1129 1122 1127 1138 1142 1148 1155 1145 1144 1143 1144 1149 1152 1152 1163 1162 1168 1179 1184 1191 1198 1206 1207 1211 1210 1216 1219 1224 1225 1228 1232 1236 1240 1241 1246 1251 1253 1259 1263 1265 1268 1269 1271 1273 1282 1280 1300 1389 1333 1387 1451 1389 1349 1408 1348 1334 1330 1327 1334 1339 1339 1344 1346 1349 1355 1362 1369 1377 1402 1396 1367 1384 1379
1048 1006 1010 1034 1112 1096 1088 1085 1101 1118 1091 1087 1104 1110 1130 1124 1141 1145 1135 1133 1126 1127 1130 1136 1139 1147 1149 1145 1150 1151 1154 1156 1160 1190 1173 1184 1174 1187 1199 1199 1204 1211 1218 1218 1220 1224 1225 1230 1233 1235 1240 1242 1246 1248 1254 1257 1264 1265 1270 1272 1275 1276 1279 1284 1285 1295 1366 1350 1430 1407 1353 1338 1334 1340 1334 1331 1333 1337 1339 1341 1349 1348 1356 1361 1366 1382 1402 1403 1383 1380 1381 1385
1087 1005 1019 1037 1067 1094 1125 1088 1119 1112 1140 1106 1108 1107 1122 1121 1127 1148 1143 1138 1134 1132 1135 1138 1141 1144 1150 1150 1152 1157 1163 1168 1177 1189 1191 1175 1186 1189 1203 1201 1207 1210 1217 1219 1223 1226 1228 1235 1239 1240 1242 1248 1251 1254 1255 1263 1266 1271 1274 1277 1281 1281 1280 1284 1287 1291 1297 1307 1314 1316 1321 1325 1332 1333 1331 1336 1337 1339 1345 1350 1348 1359 1360 1368 1376 1381 1390 1386 1388 1391 1395 1395
1055 1023 1042 1027 1081 1073 1082 1075 1092 1107 1139 1144 1104 1117 1126 1149 1141 1150 1143 1145 1143 1134 1136 1141 1142 1152 1152 1157 1155 1162 1191 1198 1188 1187 1202 1194 1183 1191 1202 1213 1216 1218 1224 1223 1225 1230 1234 1236 1239 1243 1246 1251 1255 1257 1258 1264 1271 1272 1276 1281 1283 1287 1289 1293 1294 1295 1301 1302 1302 1311 1317 1445 1336 1337 1338 1337 1341 1347 1348 1353 1354 1361 1367 1369 1371 1381 1386 1389 1390 1400 1409 1406
1075 1029 1036 1072 1066 1051 1063 1071 1081 1094 1119 1121 1107 1118 1127 1170 1156 1154 1150 1149 1145 1140 1144 1139 1143 1150 1153 1157 1163 1172 1170 1176 1182 1187 1190 1191 1188 1194 1198 1204 1212 1224 1225 1235 1235 1233 1236 1240 1243 1246 1251 1256 1258 1259 1266 1267 1271 1276 1280 1284 1288 1290 1294 1298 1296 1306 1305 1309 1306 1312 1321 1382 1547 1344 1339 1343 1345 1350 1356 1353 1361 1364 1372 1370 1379 1386 1391 1394 1396 1398 1411 1415
1110 1042 1063 1093 1094 1065 1064 1069 1091 1101 1120 1134 1115 1117 1126 1146 1137 1146 1141 1145 1147 1149 1155 1144 1147 1147 1153 1160 1170 1170 1184 1193 1186 1188 1193 1194 1196 1199 1204 1207 1212 1217 1221 1226 1232 1237 1238 1240 1245 1249 1256 1260 1262 1264 1269 1273 1273 1278 1283 1285 1290 1296 1300 1303 1304 1307 1312 1313 1310 1314 1330 1575 1520 1349 1338 1344 1350 1356 1354 1361 1364 1373 1376 1380 1386 1392 1393 1403 1402 1411 1412 1412
1115 1057 1050 1096 1088 1098 1087 1074 1076 1091 1123 1138 1127 1134 1130 1130 1134 1134 1140 1144 1148 1150 1150 1149 1151 1153 1155 1163 1175 1188 1181 1183 1193 1193 1196 1200 1200 1201 1206 1210 1213 1220 1222 1228 1233 1236 1239 1242 1245 1251 1255 1260 1266 1270 1273 1277 1276 1282 1284 1290 1295 1296 1302 1306 1314 1314 1314 1319 1317 1320 1413 1763 1428 1343 1343 1346 1354 1355 1360 1364 1370 1373 1380 1385 1392 1397 1398 1408 1414 1416 1420 1415
1086 1055 1082 1101 1107 1105 1095 1089 1086 1100 1109 1117 1131 1143 1146 1135 1139 1144 1139 1145 1149 1156 1151 1154 1152 1156 1158 1163 1169 1175 1198 1191 1190 1198 1204 1204 1206 1208 1211 1213 1217 1221 1226 1232 1236 1241 1244 1246 1250 1253 1255 1261 1265 1272 1276 1280 1281 1283 1286 1293 1296 1303 1306 1309 1314 1322 1322 1325 1324 1325 1516 1522 1352 1346 1347 1352 1356 1358 1364 1368 1371 1377 1381 1389 1396 1401 1403 1408 1414 1421 1425 1427
1116 1077 1080 1104 1116 1111 1116 1101 1087 1094 1111 1109 1120 1131 1155 1142 1140 1142 1142 1148 1149 1152 1158 1162 1156 1160 1163 1170 1179 1187 1191 1200 1193 1202 1206 1215 1211 1227 1217 1218 1219 1226 1230 1235 1241 1244 1248 1251 1252 1256 1261 1267 1271 1275 1279 1294 1285 1288 1296 1299 1300 1307 1310 1313 1316 1324 1326 1328 1329 1327 1563 1356 1343 1346 1351 1354 1362 1362 1365 1370 1375 1380 1389 1393 1401 1403 1409 1415 1416 1424 1430 1432
1117 1114 1102 1085 1097 1124 1120 1130 1113 1109 1104 1109 1116 1140 1144 1154 1148 1146 1148 1155 1154 1154 1158 1162 1162 1164 1170 1170 1178 1190 1207 1204 1198 1204 1203 1214 1214 1223 1220 1222 1223 1229 1234 1237 1243 1247 1252 1254 1257 1260 1268 1270 1281 1282 1297 1299 1291 1292 1310 1304 1305 1308 1312 1315 1322 1322 1328 1334 1336 1338 1343 1345 1350 1352 1355 1355 1368 1365 1370 1377 1375 1383 1391 1395 1409 1414 1415 1420 1421 1431 1437 1440
1151 1109 1078 1116 1116 1116 1144 1134 1141 1114 1125 1125 1127 1120 1129 1141 1149 1160 1159 1152 1153 1159 1162 1166 1168 1174 1181 1184 1179 1186 1189 1198 1205 1219 1210 1213 1221 1222 1224 1228 1230 1232 1238 1243 1247 1252 1255 1259 1264 1271 1274 1280 1307 1291 1297 1306 1300 1297 1305 1311 1311 1313 1317 1320 1324 1330 1332 1338 1338 1342 1346 1351 1350 1351 1355 1364 1367 1368 1377 1376 1380 1388 1392 1403 1409 1414 1419 1426 1433 1437 1447 1448
1162 1128 1093 1094 1105 1124 1137 1147 1136 1149 1122 1142 1127 1137 1135 1134 1145 1149 1146 1146 1154 1154 1166 1173 1172 1171 1173 1181 1201 1196 1201 1199 1212 1228 1225 1224 1221 1228 1232 1233 1235 1237 1240 1248 1252 1254 1259 1264 1267 1274 1277 1288 1300 1317 1352 1350 1314 1301 1304 1307 1312 1318 1318 1323 1329 1335 1336 1337 1342 1347 1351 1355 1356 1359 1362 1363 1373 1372 1374 1379 1389 1390 1396 1400 1412 1415 1423 1431 1438 1445 1448 1455
1152 1140 1107 1098 1138 1117 1126 1142 1145 1140 1145 1147 1146 1138 1141 1136 1142 1141 1148 1149 1162 1164 1163 1169 1177 1176 1178 1187 1187 1194 1200 1210 1217 1222 1233 1227 1228 1230 1237 1239 1240 1243 1246 1250 1256 1258 1264 1268 1273 1278 1281 1313 1410 1418 1425 1465 1324 1304 1305 1313 1319 1321 1323 1327 1330 1337 1342 1340 1348 1347 1354 1359 1361 1365 1369 1373 1375 1375 1385 1388 1390 1393 1397 1403 1410 1414 1427 1434 1441 1447 1452 1460
1135 1134 1108 1122 1121 1137 1115 1127 1136 1148 1154 1154 1152 1147 1151 1147 1144 1145 1155 1158 1157 1166 1172 1174 1176 1183 1188 1190 1195 1194 1199 1208 1225 1218 1225 1228 1231 1234 1242 1247 1248 1249 1251 1256 1260 1264 1266 1272 1279 1283 1288 1352 1459 1371 1362 1335 1318 1309 1330 1357 1322 1326 1331 1331 1333 1337 1341 1347 1349 1359 1357 1359 1367 1372 1373 1377 1376 1384 1388 1389 1391 1401 1401 1406 1410 1420 1425 1437 1443 1446 1455 1463
1137 1133 1124 1108 1129 1147 1128 1123 1123 1132 1136 1153 1151 1166 1162 1160 1142 1150 1154 1160 1164 1168 1171 1181 1182 1177 1195 1195 1199 1201 1206 1218 1216 1221 1230 1232 1234 1239 1253 1250 1252 1255 1255 1256 1262 1267 1271 1277 1282 1285 1292 1308 1318 1326 1326 1324 1314 1315 1321 1327 1327 1328 1332 1336 1340 1343 1345 1353 1353 1360 1363 1366 1369 1373 1376 1381 1384 1385 1387 1391 1400 1403 1406 1412 1418 1427 1433 1440 1444 1452 1465 1471
1110 1127 1108 1129 1128 1138 1141 1130 1141 1137 1137 1144 1158 1165 1169 1162 1148 1157 1158 1162 1165 1170 1173 1176 1185 1189 1186 1197 1210 1207 1210 1216 1219 1224 1227 1234 1241 1245 1258 1255 1259 1260 1263 1263 1266 1271 1275 1282 1289 1290 1303 1300 1307 1312 1317 1318 1317 1320 1337 1336 1329 1331 1336 1340 1347 1349 1352 1354 1361 1363 1366 1365 1370 1377 1383 1384 1389 1390 1393 1402 1406 1411 1411 1416 1424 1432 1440 1445 1453 1459 1468 1478
1093 1100 1106 1118 1118 1121 1134 1142 1146 1140 1146 1142 1156 1150 1154 1158 1156 1156 1157 1167 1166 1171 1174 1180 1188 1199 1194 1193 1200 1220 1214 1220 1223 1230 1233 1239 1248 1256 1255 1259 1264 1266 1266 1269 1273 1278 1279 1288 1297 1299 1303 1308 1308 1316 1319 1323 1325 1338 1338 1332 1332 1337 1339 1344 1346 1352 1359 1360 1362 1370 1367 1374 1375 1377 1386 1391 1393 1395 1398 1404 1413 1416 1417 1422 1431 1439 1447 1453 1455 1466 1475 1484
1090 1097 1103 1132 1115 1119 1127 1138 1158 1160 1155 1154 1146 1148 1155 1161 1162 1166 1158 1162 1171 1172 1173 1180 1185 1191 1211 1199 1209 1219 1219 1222 1228 1234 1239 1253 1265 1259 1266 1264 1267 1274 1273 1276 1280 1281 1289 1304 1317 1309 1310 1310 1314 1320 1324 1324 1329 1332 1333 1333 1338 1341 1343 1347 1352 1359 1361 1365 1368 1369 1375 1376 1378 1383 1388 1395 1399 1403 1404 1413 1415 1417 1424 1424 1436 1445 1453 1463 1464 1480 1486 1501
1094 1136 1108 1111 1134 1138 1155 1146 1150 1144 1143 1147 1149 1153 1156 1169 1165 1168 1159 1175 1168 1188 1182 1184 1189 1196 1197 1204 1206 1211 1221 1223 1228 1237 1242 1246 1253 1259 1264 1269 1270 1277 1281 1280 1286 1289 1297 1357 1369 1327 1316 1316 1320 1321 1329 1330 1334 1336 1338 1337 1339 1344 1346 1351 1355 1361 1365 1370 1375 1377 1382 1382 1381 1385 1385 1393 1400 1403 1408 1412 1423 1420 1422 1432 1441 1449 1457 1473 1478 1509 1536 1546
1094 1120 1134 1114 1119 1123 1129 1132 1134 1143 1147 1146 1164 1162 1160 1175 1177 1177 1165 1174 1178 1176 1184 1188 1198 1202 1210 1206 1212 1218 1224 1226 1232 1239 1247 1248 1255 1263 1268 1275 1277 1282 1284 1288 1290 1296 1308 1343 1369 1330 1321 1332 1333 1329 1335 1336 1338 1342 1344 1345 1349 1350 1355 1354 1360 1364 1370 1372 1380 1381 1386 1390 1394 1389 1396 1398 1403 1403 1413 1417 1420 1425 1430 1432 1441 1454 1471 1485 1494 1516 1567 1677
1095 1109 1156 1129 1132 1127 1146 1134 1133 1139 1144 1148 1163 1165 1160 1179 1184 1186 1170 1175 1185 1186 1184 1191 1203 1218 1216 1214 1215 1221 1224 1228 1235 1244 1247 1255 1257 1263 1269 1275 1280 1287 1291 1293 1297 1301 1311 1321 1351 1326 1330 1389 1349 1338 1338 1343 1344 1345 1348 1351 1354 1355 1357 1359 1363 1368 1370 1376 1380 1386 1392 1396 1391 1396 1409 1408 1407 1420 1418 1421 1423 1428 1433 1434 1448 1461 1540 1570 1553 1528 1595 1529
1092 1104 1143 1159 1163 1141 1139 1137 1135 1143 1146 1152 1164 1164 1168 1171 1180 1195 1179 1178 1184 1199 1190 1190 1200 1200 1208 1221 1221 1224 1231 1240 1241 1243 1253 1261 1264 1268 1272 1281 1285 1288 1296 1299 1304 1305 1310 1317 1329 1329 1336 1378 1347 1374 1350 1349 1348 1352 1353 1357 1358 1364 1363 1367 1371 1372 1376 1380 1385 1389 1393 1398 1393 1406 1432 1423 1418 1435 1433 1431 1431 1426 1431 1439 1446 1457 1537 1524 1509 1518 1506 1511
1091 1101 1130 1148 1145 1136 1127 1129 1138 1140 1146 1156 1157 1159 1166 1174 1181 1186 1188 1194 1187 1206 1201 1200 1209 1214 1214 1218 1227 1229 1233 1243 1261 1247 1255 1260 1269 1273 1280 1287 1288 1293 1300 1304 1308 1311 1313 1319 1322 1331 1338 1375 1394 1385 1361 1354 1353 1356 1358 1361 1366 1368 1368 1371 1374 1378 1381 1387 1388 1390 1396 1400 1407 1408 1427 1439 1429 1475 1444 1463 1441 1434 1437 1443 1447 1459 1476 1481 1490 1491 1498 1506
1097 1105 1110 1113 1118 1118 1125 1130 1135 1139 1149 1180 1180 1163 1164 1173 1188 1194 1195 1204 1209 1196 1209 1206 1216 1208 1214 1222 1227 1232 1241 1243 1251 1253 1258 1263 1269 1277 1286 1290 1295 1302 1305 1308 1313 1315 1319 1324 1329 1333 1340 1351 1373 1389 1371 1356 1357 1362 1365 1366 1373 1373 1373 1375 1379 1384 1386 1392 1395 1396 1400 1405 1408 1404 1428 1435 1446 1459 1447 1451 1444 1436 1445 1449 1449 1458 1465 1472 1476 1493 1509 1514
1089 1094 1100 1105 1113 1119 1124 1127 1135 1138 1143 1173 1187 1168 1168 1174 1188 1194 1205 1217 1210 1225 1208 1223 1226 1210 1224 1228 1233 1240 1248 1248 1253 1257 1260 1265 1274 1285 1287 1295 1301 1304 1310 1313 1319 1321 1324 1329 1333 1337 1341 1346 1355 1361 1360 1359 1364 1366 1370 1375 1379 1381 1382 1383 1384 1392 1393 1396 1399 1403 1404 1408 1412 1412 1418 1483 1447 1445 1460 1455 1454 1448 1444 1454 1454 1457 1459 1468 1483 1496 1516 1537
1087 1096 1101 1110 1114 1120 1124 1133 1144 1169 1166 1164 1157 1165 1170 1176 1187 1193 1207 1219 1204 1203 1207 1217 1242 1222 1225 1230 1238 1247 1253 1258 1257 1263 1266 1272 1279 1286 1293 1297 1304 1309 1315 1319 1321 1326 1329 1335 1338 1343 1344 1352 1355 1361 1366 1365 1369 1374 1378 1379 1383 1386 1390 1387 1390 1396 1401 1403 1406 1407 1413 1413 1417 1421 1419 1430 1440 1458 1477 1461 1464 1452 1450 1454 1457 1464 1462 1469 1482 1503 1503 1504
1088 1093 1101 1106 1112 1123 1131 1141 1153 1170 1181 1208 1168 1167 1173 1183 1192 1191 1204 1214 1214 1207 1208 1219 1236 1229 1226 1231 1240 1246 1254 1258 1261 1265 1269 1276 1281 1288 1292 1303 1309 1313 1318 1322 1329 1336 1335 1340 1342 1348 1351 1356 1360 1365 1368 1372 1376 1382 1381 1385 1387 1391 1394 1395 1399 1399 1404 1408 1412 1413 1416 1420 1425 1422 1424 1428 1444 1450 1461 1470 1470 1470 1455 1460 1464 1463 1464 1476 1489 1489 1501 1512
1087 1092 1100 1105 1112 1124 1135 1147 1169 1280 1219 1194 1192 1182 1177 1182 1183 1191 1222 1211 1217 1214 1215 1221 1221 1230 1233 1230 1242 1249 1257 1263 1266 1270 1273 1277 1285 1288 1298 1303 1313 1319 1324 1328 1334 1339 1341 1341 1346 1351 1358 1362 1367 1369 1373 1378 1382 1384 1393 1389 1393 1395 1399 1400 1404 1405 1411 1412 1416 1418 1423 1428 1430 1431 1429 1428 1441 1449 1463 1496 1486 1470 1459 1462 1469 1471 1479 1476 1480 1492 1502 1517
1089 1095 1104 1105 1114 1131 1155 1162 1214 1316 1293 1216 1279 1187 1184 1186 1188 1192 1199 1210 1218 1213 1230 1232 1226 1227 1236 1243 1240 1254 1257 1262 1269 1274 1277 1286 1289 1296 1301 1315 1314 1321 1328 1331 1340 1345 1346 1346 1349 1355 1365 1366 1371 1377 1379 1385 1385 1389 1393 1394 1412 1506 1404 1409 1409 1410 1417 1421 1421 1427 1432 1435 1436 1437 1433 1438 1438 1443 1456 1479 1479 1475 1473 1473 1472 1475 1506 1493 1488 1495 1510 1520
1089 1103 1110 1112 1124 1143 1149 1183 1307 1228 1270 1242 1256 1194 1191 1196 1199 1199 1202 1208 1212 1216 1227 1235 1230 1238 1243 1246 1251 1256 1261 1263 1269 1277 1282 1288 1294 1300 1306 1311 1318 1323 1331 1339 1344 1348 1350 1354 1355 1363 1367 1371 1378 1382 1383 1390 1391 1395 1401 1401 1407 1451 1412 1414 1417 1419 1423 1424 1429 1436 1436 1441 1444 1446 1445 1442 1445 1446 1455 1467 1477 1484 1470 1477 1484 1486 1492 1490 1489 1501 1500 1511
1090 1099 1112 1135 1149 1133 1154 1179 1185 1216 1246 1250 1214 1206 1209 1205 1214 1213 1216 1292 1216 1222 1232 1232 1236 1239 1247 1248 1258 1263 1268 1266 1273 1283 1289 1293 1296 1305 1310 1315 1318 1325 1331 1338 1347 1350 1357 1358 1362 1366 1374 1377 1382 1387 1391 1396 1398 1402 1404 1406 1409 1413 1414 1417 1423 1424 1434 1432 1434 1441 1444 1449 1450 1450 1449 1447 1448 1451 1450 1473 1475 1478 1478 1484 1494 1492 1500 1500 1501 1511 1511 1509
1096 1098 1107 1127 1124 1155 1168 1250 1347 1231 1239 1220 1220 1216 1216 1224 1234 1276 1244 1266 1232 1223 1232 1233 1242 1247 1248 1250 1259 1265 1273 1274 1280 1287 1296 1296 1301 1308 1315 1320 1323 1329 1336 1343 1351 1359 1362 1364 1366 1370 1378 1386 1390 1391 1398 1402 1406 1406 1410 1414 1416 1420 1425 1426 1429 1433 1437 1442 1445 1450 1451 1454 1462 1458 1455 1455 1455 1454 1456 1459 1465 1471 1476 1484 1498 1497 1508 1520 1508 1509 1526 1527
