DEM/Namibia_lowres.asc
ncols        516
nrows        611
xllcorner    288845.000000000000
yllcorner    7342325.000000000000
cellsize     1000.000000000000
[rows 328 to 368 of 611, columns 276 to 367 of 516]
1398 1429 1470 1629 1447 1249 1166 1136 1147 1141 1146 1147 1153 1150 1150 1160 1150 1157 1166 1168 1176 1177 1192 1235 1293 1265 1227 1306 1261 1240 1233 1227 1234 1237 1257 1258 1271 1276 1268 1265 1277 1279 1279 1285 1282 1278 1283 1286 1288 1292 1297 1301 1309 1315 1322 1328 1335 1337 1345 1345 1353 1361 1366 1373 1377 1390 1396 1399 1408 1414 1416 1420 1428 1436 1450 1453 1464 1469 1472 1482 1491 1497 1537 1635 1683 1570 1591 1586 1580 1574 1566 1562
1302 1295 1391 1342 1226 1193 1158 1151 1160 1139 1161 1168 1167 1173 1165 1171 1167 1181 1190 1191 1192 1199 1195 1237 1211 1210 1217 1220 1227 1234 1240 1240 1238 1241 1248 1263 1276 1284 1278 1280 1280 1282 1289 1289 1281 1277 1277 1280 1287 1288 1294 1301 1305 1312 1317 1324 1325 1333 1337 1346 1351 1359 1360 1368 1376 1382 1390 1399 1402 1407 1410 1417 1420 1428 1439 1453 1461 1465 1476 1481 1486 1500 1523 1630 1625 1550 1565 1587 1580 1573 1567 1567
1243 1252 1266 1217 1239 1239 1177 1180 1162 1167 1182 1193 1178 1191 1181 1184 1186 1205 1229 1270 1235 1209 1199 1200 1212 1218 1223 1241 1234 1234 1240 1254 1255 1249 1253 1259 1268 1277 1276 1286 1280 1285 1276 1280 1279 1275 1276 1275 1279 1286 1293 1296 1304 1308 1315 1319 1324 1330 1337 1341 1349 1355 1359 1367 1373 1381 1384 1390 1397 1401 1407 1416 1423 1432 1435 1449 1453 1459 1473 1474 1480 1491 1557 1605 1571 1541 1620 1597 1584 1575 1573 1577
1257 1261 1349 1352 1283 1287 1244 1193 1161 1159 1175 1274 1238 1200 1210 1186 1225 1250 1397 1682 1280 1222 1210 1208 1217 1221 1226 1225 1229 1235 1239 1252 1252 1252 1254 1256 1257 1263 1279 1275 1273 1278 1277 1280 1275 1269 1271 1272 1279 1286 1289 1296 1302 1307 1312 1320 1325 1328 1336 1342 1349 1354 1363 1370 1373 1376 1386 1393 1398 1404 1418 1420 1423 1432 1438 1447 1452 1462 1467 1469 1474 1488 1502 1515 1532 1574 1644 1611 1585 1580 1578 1579
1275 1302 1381 1414 1507 1330 1266 1241 1199 1214 1244 1255 1258 1235 1214 1269 1220 1235 1278 1299 1386 1230 1215 1218 1221 1237 1241 1233 1234 1243 1249 1247 1248 1243 1244 1250 1258 1266 1270 1266 1268 1272 1273 1273 1272 1265 1275 1276 1278 1284 1286 1294 1299 1303 1312 1317 1322 1326 1333 1340 1347 1354 1362 1370 1367 1375 1385 1388 1400 1406 1423 1431 1431 1434 1440 1444 1445 1455 1457 1464 1475 1489 1497 1515 1536 1650 1612 1656 1579 1570 1565 1563
1275 1342 1511 1616 1624 1395 1409 1250 1204 1213 1253 1252 1277 1308 1292 1257 1321 1317 1297 1315 1253 1234 1227 1229 1265 1245 1243 1241 1244 1255 1243 1241 1241 1234 1246 1251 1258 1260 1260 1258 1264 1266 1266 1264 1259 1259 1274 1291 1276 1284 1284 1291 1296 1301 1308 1313 1316 1327 1332 1338 1345 1352 1357 1361 1366 1374 1383 1388 1394 1503 1415 1424 1426 1432 1431 1431 1442 1444 1454 1464 1474 1483 1499 1521 1547 1719 1610 1602 1575 1564 1575 1555
1303 1369 1389 1528 1776 1470 1345 1289 1207 1232 1263 1265 1289 1309 1334 1326 1287 1299 1268 1266 1244 1233 1232 1234 1289 1259 1252 1265 1252 1256 1239 1231 1233 1231 1238 1244 1251 1259 1250 1252 1259 1267 1253 1258 1254 1259 1274 1288 1282 1279 1284 1285 1293 1297 1304 1307 1314 1320 1328 1336 1345 1352 1352 1360 1364 1376 1381 1385 1394 1400 1410 1417 1418 1428 1423 1433 1443 1450 1451 1460 1464 1476 1523 1593 1587 1709 1699 1647 1578 1565 1550 1540
1522 1344 1588 1802 1521 1448 1520 1294 1313 1386 1315 1270 1278 1348 1403 1387 1359 1274 1278 1262 1251 1247 1244 1245 1255 1279 1270 1269 1262 1234 1231 1224 1221 1234 1239 1245 1246 1251 1244 1252 1253 1264 1253 1249 1259 1264 1277 1288 1298 1273 1278 1284 1289 1293 1298 1303 1310 1321 1326 1333 1340 1345 1350 1359 1364 1367 1377 1385 1393 1395 1403 1410 1417 1418 1420 1429 1435 1440 1444 1447 1455 1470 1494 1534 1551 1754 1722 1706 1570 1564 1539 1541
1697 1370 1628 1698 1662 1428 1304 1303 1320 1331 1275 1289 1306 1423 1397 1394 1335 1287 1281 1270 1260 1261 1265 1259 1261 1283 1303 1278 1237 1226 1224 1218 1221 1232 1237 1236 1249 1243 1238 1245 1245 1252 1244 1249 1260 1271 1277 1278 1281 1272 1276 1281 1285 1294 1297 1305 1311 1319 1324 1330 1333 1338 1345 1352 1360 1365 1372 1384 1387 1394 1402 1409 1411 1411 1417 1421 1431 1443 1440 1443 1455 1467 1499 1505 1522 1566 1587 1632 1585 1544 1532 1532
1570 1473 1444 1663 1600 1414 1329 1419 1425 1413 1371 1286 1289 1337 1384 1480 1324 1312 1304 1285 1282 1277 1270 1289 1274 1327 1309 1337 1293 1230 1211 1212 1220 1228 1225 1238 1242 1238 1232 1238 1240 1244 1239 1254 1259 1266 1266 1274 1264 1282 1290 1285 1287 1293 1301 1305 1312 1319 1322 1328 1334 1343 1348 1355 1362 1369 1373 1380 1386 1396 1400 1405 1407 1412 1412 1423 1425 1435 1433 1440 1452 1468 1482 1499 1595 1594 1545 1632 1562 1535 1522 1525
1716 1492 1546 1580 1477 1368 1481 1507 1554 1439 1334 1294 1299 1305 1324 1440 1387 1427 1435 1389 1325 1295 1336 1412 1388 1484 1403 1419 1252 1215 1205 1213 1214 1222 1227 1229 1230 1227 1236 1230 1235 1235 1241 1246 1251 1260 1268 1261 1265 1284 1293 1292 1287 1290 1297 1305 1311 1313 1318 1326 1333 1338 1345 1354 1361 1367 1373 1376 1386 1393 1395 1403 1401 1405 1406 1411 1419 1424 1433 1437 1452 1460 1474 1490 1513 1527 1524 1585 1527 1524 1517 1524
1624 1574 1608 1467 1544 1402 1524 1531 1485 1500 1328 1288 1290 1304 1354 1671 1599 1432 1449 1548 1421 1380 1393 1422 1502 1384 1370 1306 1229 1208 1202 1201 1209 1214 1216 1224 1228 1220 1230 1224 1229 1232 1231 1235 1250 1254 1252 1256 1270 1266 1274 1292 1285 1292 1294 1303 1307 1309 1314 1323 1329 1336 1347 1353 1357 1366 1374 1377 1383 1386 1387 1403 1394 1398 1406 1417 1424 1425 1434 1439 1450 1459 1469 1480 1494 1507 1508 1516 1517 1515 1510 1515
1560 1560 1475 1424 1520 1471 1548 1460 1348 1448 1334 1297 1303 1313 1335 1360 1424 1557 1536 1511 1453 1434 1485 1449 1444 1336 1285 1221 1212 1202 1196 1197 1201 1206 1214 1212 1217 1216 1227 1216 1218 1225 1237 1243 1242 1247 1255 1262 1268 1276 1287 1294 1285 1292 1294 1298 1303 1307 1314 1319 1325 1337 1342 1349 1355 1361 1370 1378 1376 1384 1378 1395 1389 1394 1401 1412 1417 1425 1431 1438 1445 1457 1465 1474 1487 1494 1499 1510 1506 1505 1501 1512
1597 1461 1438 1427 1373 1348 1333 1338 1340 1307 1305 1304 1311 1312 1354 1353 1562 1659 1777 1643 1463 1455 1455 1448 1402 1265 1224 1204 1205 1193 1196 1191 1202 1198 1200 1206 1207 1218 1216 1212 1224 1238 1245 1252 1252 1259 1265 1272 1282 1293 1286 1301 1299 1290 1292 1295 1301 1308 1315 1320 1327 1334 1342 1349 1355 1359 1365 1366 1370 1369 1374 1385 1387 1397 1404 1407 1411 1423 1427 1433 1443 1451 1459 1469 1478 1483 1485 1493 1505 1492 1506 1502
1470 1375 1357 1350 1337 1331 1325 1318 1325 1359 1324 1313 1320 1322 1346 1349 1412 1418 1566 1575 1554 1474 1443 1482 1351 1243 1276 1189 1193 1187 1183 1192 1191 1188 1195 1198 1203 1207 1210 1216 1225 1238 1239 1244 1251 1257 1268 1284 1295 1297 1295 1306 1303 1304 1294 1298 1301 1307 1312 1320 1328 1334 1341 1347 1353 1349 1354 1358 1363 1372 1376 1415 1391 1397 1407 1408 1412 1419 1427 1436 1440 1450 1460 1462 1470 1478 1477 1482 1479 1488 1505 1503
1399 1369 1358 1399 1347 1345 1334 1331 1431 1387 1444 1350 1337 1335 1350 1366 1376 1394 1485 1716 1462 1452 1437 1385 1329 1265 1255 1194 1176 1184 1178 1179 1190 1194 1191 1198 1198 1204 1216 1222 1228 1232 1241 1247 1253 1258 1268 1290 1289 1297 1302 1294 1304 1314 1304 1303 1303 1308 1313 1320 1327 1331 1334 1340 1345 1351 1360 1365 1366 1371 1377 1384 1391 1398 1406 1413 1419 1427 1430 1434 1437 1445 1447 1457 1463 1466 1467 1470 1484 1488 1491 1494
1399 1378 1365 1358 1348 1343 1337 1349 1382 1480 1473 1421 1356 1391 1365 1385 1406 1411 1443 1511 1482 1503 1460 1414 1373 1276 1194 1180 1174 1175 1178 1181 1189 1204 1206 1210 1214 1217 1225 1228 1233 1232 1241 1243 1250 1259 1266 1279 1297 1292 1293 1289 1300 1306 1315 1317 1311 1308 1313 1320 1323 1327 1332 1337 1344 1347 1353 1363 1373 1377 1379 1386 1397 1400 1403 1412 1420 1421 1420 1427 1431 1436 1445 1450 1452 1457 1460 1471 1484 1480 1479 1479
1387 1380 1371 1357 1368 1407 1392 1353 1416 1430 1400 1387 1446 1392 1386 1504 1471 1516 1668 1714 1674 1584 1517 1536 1455 1201 1186 1182 1177 1164 1175 1181 1189 1193 1203 1207 1210 1215 1221 1228 1229 1231 1236 1245 1250 1258 1268 1272 1284 1282 1284 1289 1300 1305 1315 1318 1312 1309 1311 1315 1319 1325 1334 1336 1346 1353 1358 1364 1374 1380 1387 1390 1395 1404 1411 1406 1410 1411 1414 1425 1425 1428 1443 1441 1447 1450 1461 1472 1474 1467 1470 1479
1394 1375 1367 1365 1530 1488 1423 1352 1372 1395 1399 1428 1514 1434 1409 1524 1734 1730 1668 1750 1562 1548 1547 1578 1500 1189 1178 1180 1179 1162 1168 1176 1187 1192 1197 1200 1206 1210 1216 1220 1227 1234 1237 1246 1252 1256 1267 1276 1283 1276 1286 1290 1294 1303 1306 1310 1314 1308 1310 1316 1320 1329 1334 1342 1350 1357 1363 1367 1381 1385 1387 1409 1415 1403 1399 1403 1408 1408 1415 1412 1423 1422 1429 1440 1439 1453 1461 1456 1464 1460 1464 1478
1406 1388 1405 1535 1459 1378 1357 1358 1368 1382 1391 1479 1526 1420 1448 1723 1569 1729 1772 1634 1549 1654 1573 1439 1297 1179 1172 1168 1163 1159 1164 1175 1179 1189 1197 1204 1214 1214 1224 1224 1232 1234 1241 1247 1254 1264 1266 1272 1268 1276 1281 1292 1297 1305 1304 1303 1315 1303 1305 1311 1318 1326 1331 1340 1348 1357 1368 1372 1369 1382 1393 1412 1415 1402 1392 1395 1395 1401 1404 1412 1421 1428 1426 1432 1438 1444 1456 1453 1456 1459 1467 1470
1433 1563 1416 1394 1392 1365 1361 1362 1364 1371 1389 1514 1618 1542 1438 1458 1626 1640 1585 1598 1560 1588 1563 1366 1195 1180 1159 1156 1152 1159 1168 1173 1181 1190 1205 1204 1206 1212 1216 1224 1230 1234 1240 1247 1253 1257 1263 1261 1267 1275 1285 1289 1297 1301 1296 1305 1301 1300 1302 1316 1321 1325 1331 1339 1349 1358 1359 1361 1367 1376 1388 1393 1396 1392 1387 1387 1391 1395 1404 1411 1417 1420 1428 1422 1433 1441 1445 1445 1439 1458 1457 1461
1408 1399 1390 1384 1371 1371 1371 1365 1367 1369 1398 1495 1625 1534 1574 1564 1644 1647 1781 1689 1479 1370 1308 1199 1167 1171 1161 1147 1153 1166 1172 1177 1183 1183 1196 1195 1204 1212 1215 1222 1226 1235 1238 1243 1251 1255 1255 1258 1266 1272 1281 1290 1292 1287 1292 1290 1292 1296 1305 1310 1318 1328 1329 1335 1345 1348 1355 1359 1371 1378 1377 1382 1384 1379 1380 1379 1383 1396 1404 1404 1411 1418 1419 1419 1427 1433 1434 1441 1442 1451 1446 1454
1427 1416 1392 1390 1379 1383 1376 1374 1367 1370 1397 1511 1648 1683 1578 1563 1579 1632 1695 1806 1431 1349 1244 1184 1177 1142 1145 1139 1155 1164 1169 1178 1184 1196 1195 1200 1202 1211 1219 1223 1226 1227 1232 1238 1243 1252 1255 1263 1266 1278 1280 1282 1276 1297 1282 1294 1290 1300 1305 1308 1316 1322 1326 1331 1339 1345 1355 1358 1368 1371 1368 1375 1374 1376 1374 1374 1383 1393 1393 1399 1403 1412 1407 1414 1424 1425 1422 1429 1437 1437 1448 1447
1632 1595 1412 1552 1406 1406 1386 1379 1373 1373 1382 1474 1673 1608 1564 1573 1636 1725 1957 2172 1688 1715 1281 1153 1157 1138 1138 1147 1148 1155 1165 1175 1196 1207 1197 1203 1211 1213 1214 1219 1224 1224 1232 1238 1241 1249 1256 1261 1264 1273 1273 1268 1268 1274 1284 1302 1291 1297 1303 1305 1314 1317 1322 1334 1336 1342 1347 1352 1360 1365 1363 1364 1370 1370 1366 1376 1385 1386 1391 1398 1403 1405 1404 1411 1421 1414 1422 1422 1426 1426 1432 1436
1726 1467 1533 1583 1686 1469 1436 1358 1360 1370 1382 1445 1605 1615 1581 1674 1632 1866 2108 1714 1537 1442 1208 1141 1134 1129 1133 1140 1152 1160 1166 1177 1185 1194 1196 1204 1206 1203 1208 1214 1216 1223 1228 1236 1239 1247 1253 1260 1270 1274 1262 1270 1281 1286 1315 1307 1287 1294 1296 1302 1306 1313 1321 1327 1332 1340 1345 1349 1353 1362 1353 1360 1360 1360 1365 1371 1376 1383 1388 1390 1390 1393 1397 1407 1410 1404 1410 1420 1419 1429 1433 1440
1256 1371 1604 1377 1418 1361 1514 1374 1332 1360 1377 1493 1632 1869 1610 1586 1789 1880 1884 1459 1458 1214 1161 1121 1125 1133 1142 1151 1159 1169 1177 1180 1185 1187 1193 1198 1201 1198 1203 1209 1215 1220 1226 1234 1240 1243 1252 1258 1256 1256 1267 1285 1285 1303 1303 1294 1284 1290 1296 1302 1307 1311 1320 1320 1328 1337 1338 1344 1347 1349 1346 1353 1353 1354 1364 1366 1368 1373 1378 1383 1383 1386 1396 1401 1400 1405 1419 1422 1434 1443 1445 1446
1181 1505 1297 1191 1187 1192 1208 1272 1340 1372 1385 1440 1601 1780 1599 1629 1775 1924 1519 1415 1206 1161 1132 1117 1122 1133 1145 1158 1164 1171 1178 1171 1171 1186 1188 1190 1192 1198 1208 1210 1216 1225 1225 1233 1234 1242 1252 1257 1252 1266 1261 1272 1286 1296 1288 1282 1282 1287 1291 1296 1302 1306 1313 1317 1326 1325 1333 1339 1342 1343 1342 1344 1346 1346 1357 1361 1359 1365 1375 1379 1377 1377 1386 1393 1391 1415 1417 1427 1435 1447 1453 1455
1179 1238 1165 1164 1193 1196 1200 1416 1531 1403 1413 1519 1534 1690 1776 1859 1603 1493 1413 1176 1159 1132 1114 1114 1121 1131 1145 1153 1157 1180 1163 1166 1172 1178 1176 1183 1192 1198 1205 1209 1215 1216 1221 1230 1232 1243 1246 1250 1245 1253 1259 1269 1285 1281 1277 1277 1279 1280 1287 1292 1296 1301 1306 1308 1317 1322 1329 1333 1333 1337 1333 1339 1344 1343 1350 1355 1353 1365 1363 1364 1369 1375 1378 1385 1394 1408 1417 1424 1440 1475 1457 1470
1157 1123 1152 1155 1165 1213 1288 1329 1480 1446 1650 1520 1598 1577 1690 1518 1334 1265 1149 1125 1121 1111 1108 1106 1123 1131 1145 1145 1177 1164 1154 1166 1168 1167 1180 1188 1197 1205 1204 1210 1208 1211 1216 1224 1228 1227 1241 1251 1239 1249 1250 1268 1274 1271 1270 1279 1275 1278 1284 1288 1292 1296 1301 1308 1311 1315 1323 1325 1329 1326 1331 1334 1336 1336 1338 1343 1347 1355 1356 1359 1369 1375 1384 1390 1401 1412 1422 1429 1439 1450 1454 1466
1109 1123 1248 1226 1271 1252 1361 1543 1603 1649 1593 1564 1557 1550 1375 1367 1177 1138 1110 1103 1100 1100 1102 1112 1120 1135 1138 1171 1166 1176 1149 1154 1162 1172 1184 1193 1197 1198 1204 1204 1200 1210 1213 1217 1221 1228 1231 1233 1243 1251 1258 1259 1258 1261 1270 1274 1270 1275 1280 1285 1286 1287 1295 1303 1305 1313 1318 1314 1319 1319 1322 1323 1328 1336 1343 1346 1352 1354 1355 1369 1373 1380 1388 1395 1401 1426 1426 1437 1440 1449 1451 1472
1230 1317 1456 1480 1319 1373 1517 1505 1739 1739 1753 1643 1749 1580 1401 1158 1127 1098 1089 1093 1093 1101 1107 1123 1120 1133 1143 1157 1150 1140 1146 1149 1157 1167 1190 1186 1189 1188 1194 1194 1195 1198 1207 1214 1216 1223 1229 1241 1247 1250 1262 1256 1259 1269 1275 1277 1266 1270 1277 1276 1281 1286 1292 1298 1304 1306 1311 1304 1307 1314 1316 1320 1327 1337 1343 1348 1354 1360 1370 1375 1377 1386 1396 1405 1428 1413 1426 1444 1450 1457 1462 1470
1493 1439 1442 1368 1309 1459 1508 1932 1911 1823 1767 1613 1444 1452 1148 1113 1099 1079 1078 1084 1091 1106 1112 1114 1119 1144 1125 1155 1128 1131 1144 1165 1166 1169 1177 1173 1183 1176 1187 1186 1202 1212 1224 1225 1233 1233 1235 1238 1231 1246 1246 1239 1250 1257 1252 1262 1261 1266 1271 1274 1283 1287 1288 1298 1288 1297 1300 1305 1309 1315 1321 1325 1328 1333 1342 1350 1358 1368 1375 1378 1378 1389 1399 1413 1443 1423 1425 1432 1442 1457 1475 1477
1493 1413 1154 1130 1133 1435 1515 1743 1832 1768 1324 1280 1166 1217 1091 1094 1071 1072 1082 1084 1089 1091 1098 1110 1161 1118 1115 1121 1135 1125 1165 1169 1155 1155 1164 1168 1175 1171 1179 1185 1199 1207 1211 1211 1210 1217 1221 1219 1222 1227 1230 1228 1236 1246 1248 1251 1258 1264 1266 1273 1272 1275 1281 1287 1294 1296 1299 1303 1313 1320 1326 1330 1340 1338 1339 1344 1354 1361 1369 1378 1385 1390 1406 1412 1426 1437 1432 1443 1453 1459 1471 1488
1216 1131 1160 1114 1136 1460 1418 1334 1377 1236 1140 1125 1133 1108 1090 1066 1064 1072 1076 1077 1081 1089 1122 1104 1123 1104 1108 1116 1120 1127 1131 1135 1134 1148 1154 1155 1163 1173 1185 1182 1188 1192 1196 1194 1199 1201 1206 1207 1210 1222 1219 1225 1227 1229 1260 1263 1261 1270 1277 1281 1283 1284 1285 1286 1293 1299 1307 1312 1314 1323 1328 1336 1339 1345 1342 1350 1360 1366 1376 1379 1386 1392 1405 1412 1419 1428 1455 1443 1460 1466 1473 1487
1061 1072 1075 1107 1090 1111 1119 1116 1251 1078 1110 1080 1087 1068 1074 1058 1068 1075 1084 1087 1080 1086 1092 1100 1096 1100 1113 1142 1124 1128 1129 1132 1141 1146 1151 1157 1166 1175 1178 1174 1176 1179 1185 1190 1195 1196 1200 1205 1209 1213 1222 1229 1237 1254 1266 1271 1267 1271 1278 1280 1288 1290 1293 1298 1298 1299 1310 1318 1326 1323 1330 1335 1344 1352 1350 1351 1359 1369 1377 1387 1391 1398 1402 1411 1421 1440 1437 1457 1459 1469 1482 1486
1092 1104 1091 1096 1093 1156 1083 1074 1054 1055 1057 1058 1071 1062 1055 1064 1076 1089 1090 1104 1121 1099 1145 1150 1103 1112 1129 1152 1202 1196 1182 1155 1168 1162 1163 1169 1162 1166 1165 1177 1181 1193 1195 1201 1210 1207 1207 1213 1225 1232 1245 1228 1236 1249 1266 1263 1271 1274 1279 1287 1285 1287 1294 1301 1304 1308 1308 1319 1319 1331 1337 1341 1345 1348 1360 1357 1363 1368 1375 1384 1394 1397 1403 1410 1418 1426 1439 1442 1455 1464 1475 1501
1068 1113 1108 1022 1060 1032 1045 1039 1047 1042 1048 1045 1042 1046 1056 1064 1073 1085 1105 1128 1211 1119 1148 1141 1166 1178 1199 1161 1183 1169 1168 1176 1170 1167 1165 1172 1179 1192 1191 1194 1189 1193 1195 1210 1217 1213 1220 1216 1223 1226 1236 1249 1248 1246 1262 1262 1263 1271 1285 1289 1292 1293 1298 1300 1309 1314 1314 1314 1322 1327 1333 1341 1349 1361 1364 1364 1363 1365 1378 1382 1388 1395 1398 1411 1421 1436 1435 1442 1456 1463 1477 1490
1044 1004 1038 1010 1017 1026 1030 1035 1044 1028 1058 1052 1056 1057 1060 1073 1085 1100 1122 1134 1155 1161 1168 1191 1190 1163 1148 1151 1161 1169 1170 1178 1185 1192 1181 1175 1186 1189 1208 1199 1191 1209 1206 1213 1221 1229 1222 1225 1227 1241 1248 1252 1256 1258 1263 1258 1264 1273 1274 1281 1283 1290 1298 1302 1305 1313 1318 1322 1323 1331 1337 1344 1352 1359 1364 1374 1369 1369 1376 1383 1386 1398 1410 1411 1456 1432 1441 1449 1458 1464 1469 1479
999 1008 1009 1014 1032 1025 1019 1028 1033 1038 1043 1050 1068 1086 1075 1075 1088 1103 1110 1124 1139 1155 1163 1137 1135 1137 1146 1154 1161 1166 1172 1181 1186 1194 1200 1191 1201 1201 1208 1222 1202 1208 1221 1231 1225 1239 1238 1242 1241 1247 1255 1267 1269 1261 1275 1268 1267 1273 1286 1283 1292 1291 1299 1299 1307 1311 1318 1330 1335 1335 1342 1344 1352 1362 1370 1376 1373 1372 1380 1383 1392 1400 1407 1414 1429 1426 1432 1439 1450 1457 1469 1477
994 985 996 1001 1002 1010 1005 1022 1018 1058 1062 1048 1049 1058 1066 1074 1082 1094 1103 1146 1122 1114 1120 1126 1136 1140 1151 1155 1161 1170 1176 1185 1191 1197 1204 1208 1201 1211 1222 1234 1234 1227 1220 1230 1238 1241 1244 1254 1248 1258 1269 1277 1280 1271 1279 1271 1282 1281 1278 1286 1295 1295 1302 1308 1307 1318 1316 1325 1328 1334 1341 1350 1356 1365 1372 1387 1376 1380 1385 1394 1397 1408 1415 1418 1429 1432 1443 1443 1452 1463 1476 1484
1014 1010 1026 1031 1034 1031 1079 1079 1102 1068 1051 1051 1069 1072 1092 1087 1096 1115 1099 1106 1105 1115 1126 1135 1140 1147 1152 1158 1163 1171 1176 1182 1195 1202 1207 1216 1212 1234 1252 1276 1272 1239 1235 1238 1247 1251 1261 1258 1267 1263 1290 1277 1282 1286 1288 1286 1281 1292 1287 1289 1294 1303 1306 1313 1314 1319 1329 1327 1336 1335 1343 1349 1360 1365 1376 1386 1388 1388 1393 1392 1399 1408 1422 1432 1430 1453 1450 1451 1452 1464 1468 1468
