DEM/Namibia_lowres.asc
ncols        516
nrows        611
xllcorner    288845.000000000000
yllcorner    7342325.000000000000
cellsize     1000.000000000000
[rows 82 to 122 of 611, columns 368 to 459 of 516]
1130 1132 1130 1131 1132 1133 1133 1134 1133 1136 1136 1136 1140 1141 1141 1141 1142 1141 1141 1142 1143 1142 1146 1149 1150 1148 1149 1150 1150 1150 1153 1154 1157 1160 1160 1159 1160 1161 1164 1169 1171 1174 1175 1178 1185 1187 1185 1184 1187 1189 1185 1189 1190 1190 1192 1193 1191 1194 1190 1193 1194 1192 1198 1193 1195 1191 1194 1195 1198 1201 1205 1206 1209 1210 1213 1212 1211 1215 1216 1216 1214 1213 1217 1219 1220 1219 1222 1223 1228 1227 1225 1229
1133 1130 1131 1132 1134 1133 1133 1136 1136 1138 1138 1141 1143 1144 1144 1145 1143 1145 1145 1145 1145 1149 1151 1153 1154 1152 1155 1153 1151 1153 1156 1159 1161 1164 1161 1161 1162 1165 1167 1174 1175 1176 1181 1188 1189 1192 1190 1191 1191 1190 1194 1190 1193 1192 1192 1193 1197 1197 1198 1197 1195 1201 1197 1202 1197 1193 1199 1199 1201 1206 1208 1208 1211 1210 1212 1210 1212 1215 1216 1214 1217 1217 1219 1218 1224 1223 1226 1226 1228 1233 1235 1239
1135 1135 1135 1135 1135 1135 1137 1137 1140 1141 1143 1143 1145 1145 1146 1149 1149 1150 1150 1151 1151 1151 1153 1155 1158 1158 1160 1160 1160 1160 1163 1163 1163 1166 1163 1165 1167 1169 1173 1175 1178 1181 1189 1190 1192 1190 1192 1193 1196 1192 1194 1192 1193 1192 1196 1195 1195 1197 1199 1198 1199 1197 1201 1196 1200 1200 1196 1201 1204 1203 1209 1211 1212 1212 1213 1214 1217 1214 1214 1215 1216 1220 1218 1220 1224 1227 1229 1228 1232 1235 1238 1237
1140 1139 1136 1137 1139 1140 1141 1142 1141 1144 1145 1147 1146 1149 1151 1151 1153 1151 1155 1155 1155 1155 1158 1161 1159 1162 1161 1163 1160 1163 1162 1163 1167 1169 1169 1170 1171 1174 1180 1182 1183 1188 1192 1189 1191 1194 1192 1195 1201 1192 1193 1194 1193 1193 1197 1194 1199 1202 1203 1215 1203 1200 1204 1199 1200 1204 1216 1208 1213 1213 1213 1212 1210 1209 1213 1214 1219 1218 1220 1216 1216 1219 1221 1225 1228 1230 1231 1231 1235 1239 1241 1244
1142 1140 1139 1141 1142 1141 1142 1144 1143 1146 1147 1149 1149 1151 1151 1153 1154 1155 1155 1156 1158 1158 1160 1162 1163 1163 1164 1165 1165 1165 1166 1169 1171 1172 1173 1174 1178 1181 1187 1186 1190 1190 1191 1190 1192 1192 1192 1195 1193 1193 1193 1195 1193 1198 1206 1199 1198 1201 1213 1208 1206 1206 1205 1208 1205 1210 1210 1211 1218 1213 1215 1215 1214 1210 1214 1217 1219 1216 1219 1217 1218 1221 1223 1226 1232 1233 1234 1235 1236 1240 1243 1251
1144 1145 1147 1143 1144 1145 1146 1144 1146 1147 1150 1152 1152 1154 1154 1154 1155 1155 1158 1159 1161 1161 1161 1163 1164 1166 1166 1166 1167 1167 1166 1169 1172 1176 1175 1180 1184 1185 1188 1191 1191 1191 1198 1196 1196 1194 1196 1200 1203 1197 1195 1194 1196 1198 1200 1199 1246 1250 1222 1209 1206 1220 1208 1210 1208 1210 1210 1216 1213 1218 1215 1217 1212 1219 1212 1216 1220 1221 1220 1221 1223 1226 1225 1230 1234 1236 1237 1240 1249 1248 1244 1246
1146 1147 1148 1146 1147 1146 1147 1147 1150 1154 1155 1157 1157 1155 1157 1156 1159 1158 1159 1159 1160 1161 1164 1163 1169 1168 1168 1169 1167 1169 1171 1167 1172 1173 1178 1179 1184 1187 1193 1194 1195 1194 1194 1203 1204 1204 1199 1204 1199 1200 1197 1207 1213 1216 1208 1207 1228 1232 1224 1244 1225 1248 1215 1213 1213 1214 1212 1213 1217 1218 1213 1218 1219 1214 1223 1220 1220 1219 1224 1222 1224 1226 1230 1234 1237 1240 1240 1244 1253 1250 1246 1250
1146 1149 1148 1149 1150 1149 1151 1151 1152 1155 1160 1160 1158 1162 1162 1161 1163 1164 1162 1163 1164 1165 1167 1167 1171 1170 1173 1170 1170 1173 1172 1173 1172 1175 1178 1183 1193 1189 1194 1196 1198 1205 1203 1208 1209 1211 1214 1207 1203 1204 1204 1209 1208 1206 1207 1211 1217 1226 1224 1220 1218 1215 1222 1210 1213 1217 1217 1217 1220 1224 1233 1220 1222 1221 1221 1244 1272 1225 1222 1226 1228 1228 1230 1232 1242 1241 1243 1245 1243 1253 1250 1254
1147 1149 1148 1150 1149 1152 1152 1151 1154 1156 1159 1162 1163 1165 1167 1169 1170 1168 1171 1170 1170 1169 1170 1171 1174 1173 1172 1173 1175 1175 1173 1175 1184 1185 1183 1183 1185 1199 1192 1201 1203 1204 1210 1207 1207 1216 1214 1214 1208 1203 1209 1220 1210 1210 1212 1219 1235 1233 1236 1222 1215 1222 1220 1211 1213 1220 1234 1265 1230 1228 1240 1221 1220 1220 1226 1253 1242 1230 1222 1229 1229 1228 1232 1236 1237 1244 1250 1249 1250 1251 1252 1257
1148 1148 1149 1149 1151 1153 1155 1155 1158 1159 1163 1164 1164 1172 1171 1175 1178 1178 1178 1174 1174 1178 1173 1173 1172 1173 1174 1175 1178 1177 1179 1180 1182 1185 1185 1189 1188 1195 1199 1197 1205 1204 1205 1203 1206 1214 1218 1209 1205 1210 1215 1212 1210 1212 1215 1226 1231 1230 1231 1227 1232 1229 1232 1220 1222 1220 1225 1223 1224 1228 1221 1220 1235 1228 1229 1232 1226 1223 1232 1229 1236 1233 1237 1240 1244 1247 1254 1251 1253 1256 1257 1258
1152 1151 1152 1153 1153 1154 1156 1157 1160 1162 1162 1164 1167 1173 1175 1176 1177 1176 1178 1177 1176 1177 1175 1178 1179 1177 1174 1178 1181 1181 1180 1183 1183 1183 1187 1187 1186 1199 1208 1208 1210 1211 1209 1212 1209 1209 1207 1208 1208 1210 1212 1217 1219 1221 1223 1228 1228 1232 1235 1239 1234 1231 1230 1230 1227 1233 1229 1232 1230 1227 1226 1224 1227 1227 1235 1241 1239 1243 1240 1240 1242 1245 1244 1243 1247 1249 1255 1256 1258 1261 1259 1263
1151 1153 1152 1155 1158 1158 1156 1159 1163 1166 1167 1168 1170 1172 1176 1177 1181 1184 1180 1176 1177 1183 1180 1187 1178 1182 1182 1182 1180 1191 1183 1185 1185 1187 1189 1188 1188 1188 1195 1203 1208 1213 1217 1218 1219 1222 1224 1220 1212 1212 1214 1219 1225 1227 1228 1231 1236 1236 1234 1238 1237 1236 1238 1233 1231 1241 1240 1238 1240 1240 1237 1240 1237 1240 1245 1247 1247 1244 1247 1247 1247 1251 1249 1247 1248 1253 1261 1260 1264 1265 1264 1270
1157 1157 1158 1156 1160 1159 1160 1161 1164 1168 1168 1170 1170 1171 1172 1184 1187 1194 1183 1175 1176 1180 1182 1182 1182 1183 1190 1184 1192 1191 1193 1190 1190 1199 1193 1195 1190 1193 1201 1211 1216 1216 1219 1223 1225 1222 1218 1219 1215 1236 1224 1225 1225 1226 1239 1247 1246 1240 1237 1237 1238 1238 1239 1235 1235 1242 1242 1247 1247 1245 1244 1243 1245 1250 1249 1248 1246 1252 1253 1250 1252 1252 1254 1254 1257 1256 1257 1263 1264 1270 1274 1272
1156 1158 1163 1159 1160 1162 1173 1172 1173 1170 1169 1169 1171 1173 1174 1185 1187 1193 1181 1176 1181 1181 1183 1182 1185 1185 1190 1187 1189 1189 1195 1196 1194 1201 1198 1197 1196 1199 1202 1205 1212 1213 1215 1218 1217 1222 1222 1222 1228 1242 1228 1227 1226 1226 1227 1236 1243 1254 1249 1251 1243 1241 1252 1250 1248 1247 1251 1251 1255 1254 1247 1252 1254 1252 1254 1252 1250 1256 1255 1258 1258 1258 1261 1258 1258 1258 1263 1264 1269 1293 1285 1278
1159 1161 1162 1161 1162 1170 1174 1177 1173 1170 1169 1171 1170 1175 1189 1184 1183 1182 1179 1178 1178 1186 1188 1188 1190 1192 1202 1192 1195 1197 1196 1195 1195 1203 1201 1200 1206 1200 1205 1213 1215 1224 1221 1221 1222 1224 1226 1223 1225 1224 1226 1228 1231 1231 1234 1230 1237 1243 1247 1246 1243 1244 1247 1247 1255 1250 1254 1256 1258 1257 1257 1258 1261 1258 1259 1258 1260 1260 1258 1263 1264 1264 1263 1263 1262 1262 1267 1269 1271 1272 1274 1275
1160 1161 1163 1162 1162 1173 1176 1176 1171 1172 1171 1168 1170 1172 1176 1180 1185 1184 1180 1184 1181 1186 1192 1194 1195 1197 1200 1199 1201 1203 1206 1207 1210 1211 1209 1208 1205 1207 1209 1212 1212 1228 1275 1249 1244 1232 1230 1227 1224 1228 1233 1227 1233 1236 1236 1263 1241 1246 1247 1246 1248 1250 1247 1251 1257 1260 1261 1263 1262 1263 1267 1266 1264 1264 1262 1268 1269 1265 1261 1267 1264 1264 1266 1267 1269 1266 1268 1272 1276 1277 1281 1282
1160 1162 1162 1166 1163 1169 1171 1172 1173 1172 1172 1171 1171 1176 1177 1186 1193 1194 1189 1189 1193 1194 1198 1197 1199 1198 1201 1203 1202 1204 1206 1206 1215 1211 1214 1220 1218 1221 1222 1214 1244 1253 1264 1243 1236 1228 1231 1229 1243 1249 1246 1242 1242 1235 1245 1253 1244 1250 1257 1255 1260 1253 1257 1260 1260 1263 1262 1265 1273 1268 1270 1270 1269 1272 1271 1269 1274 1273 1269 1272 1270 1270 1270 1272 1272 1276 1276 1277 1279 1280 1283 1285
1161 1162 1164 1165 1165 1165 1171 1172 1172 1172 1174 1175 1174 1178 1183 1188 1190 1188 1189 1194 1200 1202 1205 1203 1203 1207 1208 1208 1206 1206 1208 1214 1221 1212 1213 1228 1227 1245 1243 1222 1235 1247 1256 1249 1239 1282 1235 1279 1281 1272 1346 1309 1318 1244 1246 1241 1249 1248 1272 1262 1258 1255 1263 1265 1267 1267 1268 1270 1274 1273 1275 1276 1277 1278 1276 1273 1274 1275 1276 1273 1274 1268 1276 1279 1277 1279 1280 1279 1283 1281 1282 1287
1162 1165 1165 1167 1169 1167 1171 1172 1173 1178 1176 1179 1179 1182 1185 1194 1193 1193 1196 1201 1206 1209 1216 1213 1215 1213 1212 1212 1212 1209 1210 1211 1215 1220 1215 1218 1243 1244 1248 1223 1227 1259 1253 1324 1264 1264 1237 1267 1326 1304 1372 1363 1283 1250 1254 1248 1252 1255 1267 1263 1265 1262 1265 1265 1271 1271 1275 1274 1276 1276 1280 1277 1280 1279 1280 1280 1279 1278 1280 1277 1280 1280 1281 1284 1281 1281 1281 1281 1403 1331 1321 1286
1166 1170 1169 1171 1174 1173 1175 1186 1178 1180 1186 1189 1189 1196 1198 1199 1200 1203 1201 1204 1211 1216 1219 1220 1218 1218 1227 1220 1217 1218 1213 1217 1216 1217 1222 1222 1226 1228 1236 1241 1245 1233 1234 1255 1245 1246 1260 1281 1308 1302 1366 1308 1267 1261 1252 1248 1264 1270 1260 1268 1264 1266 1272 1271 1274 1276 1277 1276 1276 1276 1277 1286 1282 1283 1286 1282 1285 1281 1285 1284 1280 1283 1284 1279 1280 1283 1284 1284 1286 1295 1376 1325
1170 1172 1175 1176 1178 1189 1182 1180 1177 1182 1184 1190 1193 1201 1204 1204 1204 1205 1209 1211 1211 1217 1219 1221 1223 1225 1223 1220 1225 1226 1223 1224 1227 1226 1227 1228 1231 1231 1234 1235 1241 1236 1241 1271 1243 1249 1285 1254 1273 1264 1262 1262 1259 1253 1256 1290 1279 1274 1263 1274 1265 1273 1273 1273 1278 1279 1278 1278 1282 1286 1286 1286 1285 1295 1319 1290 1283 1284 1283 1285 1290 1282 1285 1284 1285 1281 1285 1286 1285 1293 1308 1300
1172 1176 1178 1183 1182 1183 1188 1184 1185 1188 1192 1198 1200 1203 1206 1209 1211 1212 1213 1215 1217 1221 1220 1224 1225 1226 1227 1229 1230 1225 1228 1231 1230 1236 1235 1239 1239 1245 1241 1255 1258 1272 1247 1244 1248 1253 1268 1260 1262 1266 1266 1264 1287 1284 1283 1278 1279 1281 1276 1282 1273 1279 1274 1285 1282 1283 1284 1284 1286 1284 1287 1290 1288 1300 1306 1291 1290 1291 1291 1293 1289 1292 1296 1296 1288 1291 1318 1296 1288 1365 1342 1304
1175 1178 1183 1184 1187 1187 1190 1192 1196 1197 1202 1204 1207 1209 1208 1210 1213 1219 1218 1220 1223 1224 1228 1226 1231 1232 1237 1236 1232 1236 1237 1236 1234 1240 1241 1255 1246 1252 1256 1263 1258 1260 1262 1277 1255 1258 1260 1262 1288 1271 1271 1277 1273 1286 1296 1293 1287 1289 1286 1291 1287 1282 1285 1284 1288 1288 1292 1289 1291 1293 1292 1291 1292 1306 1293 1294 1292 1293 1294 1295 1292 1285 1294 1295 1367 1423 1310 1299 1304 1432 1363 1312
1192 1197 1193 1192 1192 1194 1196 1197 1203 1204 1239 1221 1226 1219 1220 1215 1219 1222 1231 1231 1229 1230 1232 1236 1239 1239 1242 1243 1247 1241 1246 1238 1241 1251 1258 1261 1253 1257 1259 1260 1257 1274 1335 1273 1257 1256 1271 1273 1273 1274 1278 1287 1280 1289 1296 1288 1297 1299 1290 1292 1291 1293 1291 1293 1297 1297 1295 1298 1297 1296 1299 1299 1301 1294 1299 1298 1295 1297 1296 1293 1296 1296 1294 1314 1399 1321 1310 1357 1456 1446 1372 1314
1205 1229 1212 1224 1195 1198 1202 1203 1209 1212 1253 1250 1234 1223 1225 1226 1229 1232 1236 1237 1235 1237 1239 1239 1243 1242 1244 1249 1249 1250 1258 1252 1253 1254 1260 1259 1256 1258 1260 1261 1276 1283 1284 1264 1265 1264 1287 1304 1291 1280 1282 1286 1290 1287 1288 1296 1305 1296 1296 1296 1303 1298 1298 1301 1297 1302 1303 1304 1305 1305 1304 1306 1308 1309 1305 1309 1307 1302 1301 1296 1294 1308 1312 1365 1338 1369 1320 1331 1382 1514 1315 1325
1202 1204 1204 1201 1201 1202 1205 1210 1213 1214 1217 1220 1221 1236 1232 1238 1239 1240 1241 1242 1241 1242 1246 1249 1252 1251 1251 1254 1256 1257 1258 1258 1258 1258 1256 1257 1264 1262 1265 1267 1279 1274 1276 1271 1276 1287 1281 1282 1283 1288 1292 1298 1298 1298 1299 1305 1309 1303 1300 1299 1314 1313 1304 1312 1312 1314 1315 1314 1311 1308 1310 1312 1311 1312 1318 1313 1314 1308 1306 1306 1303 1299 1303 1309 1324 1433 1448 1350 1604 1436 1318 1318
1205 1206 1208 1206 1205 1209 1210 1213 1216 1217 1221 1223 1259 1245 1247 1240 1240 1243 1243 1246 1249 1264 1257 1269 1253 1255 1255 1258 1258 1260 1261 1261 1264 1266 1266 1272 1269 1274 1273 1272 1277 1279 1280 1279 1286 1286 1283 1288 1290 1291 1295 1302 1310 1305 1323 1321 1312 1307 1301 1306 1307 1304 1314 1321 1322 1322 1322 1320 1315 1318 1318 1318 1315 1317 1316 1314 1323 1321 1315 1315 1317 1318 1305 1371 1338 1355 1478 1466 1411 1326 1333 1331
1208 1209 1211 1209 1209 1213 1216 1219 1223 1230 1232 1234 1238 1239 1241 1244 1244 1244 1255 1281 1287 1310 1260 1267 1267 1257 1265 1261 1261 1266 1268 1287 1271 1280 1274 1277 1281 1282 1277 1280 1282 1284 1287 1291 1289 1299 1297 1296 1295 1297 1303 1310 1316 1315 1324 1316 1315 1312 1309 1307 1307 1311 1317 1335 1328 1328 1328 1329 1324 1325 1325 1322 1319 1319 1321 1320 1322 1337 1328 1325 1378 1371 1336 1360 1369 1384 1448 1442 1526 1345 1332 1336
1211 1213 1213 1213 1215 1216 1221 1224 1226 1232 1240 1240 1239 1240 1244 1252 1249 1254 1259 1284 1286 1326 1275 1269 1262 1268 1264 1265 1269 1272 1287 1291 1279 1291 1290 1286 1288 1291 1291 1289 1290 1292 1291 1296 1302 1300 1305 1300 1299 1307 1311 1315 1321 1322 1324 1319 1319 1317 1321 1319 1316 1322 1345 1343 1336 1333 1330 1328 1324 1329 1324 1324 1322 1322 1326 1322 1335 1374 1533 1330 1337 1549 1530 1419 1508 1433 1420 1453 1528 1330 1337 1348
1217 1218 1217 1220 1219 1227 1225 1227 1229 1233 1237 1242 1247 1243 1250 1257 1252 1255 1266 1265 1270 1275 1267 1268 1265 1267 1268 1278 1278 1282 1283 1298 1291 1305 1298 1299 1298 1297 1302 1297 1298 1303 1304 1307 1313 1314 1314 1317 1321 1326 1322 1324 1332 1331 1330 1333 1328 1331 1332 1331 1333 1358 1356 1347 1340 1335 1337 1333 1325 1328 1326 1326 1327 1325 1327 1326 1343 1348 1358 1488 1360 1443 1430 1515 1630 1364 1368 1365 1333 1341 1346 1361
1220 1221 1220 1223 1223 1229 1229 1230 1235 1238 1244 1248 1250 1250 1267 1256 1257 1257 1276 1300 1282 1274 1271 1270 1275 1275 1279 1288 1291 1292 1294 1309 1305 1315 1307 1305 1306 1313 1308 1308 1307 1306 1316 1319 1321 1326 1327 1337 1341 1346 1343 1341 1342 1343 1341 1346 1347 1349 1350 1350 1357 1374 1372 1356 1343 1337 1333 1334 1328 1328 1332 1328 1329 1327 1328 1326 1445 1372 1393 1450 1556 1463 1452 1521 1493 1351 1344 1340 1342 1350 1353 1360
1222 1225 1225 1227 1228 1231 1234 1239 1248 1243 1245 1248 1253 1257 1294 1278 1292 1278 1261 1266 1278 1280 1280 1279 1285 1286 1290 1293 1299 1298 1304 1317 1328 1323 1311 1315 1316 1324 1320 1319 1319 1324 1327 1331 1344 1341 1342 1345 1363 1367 1378 1372 1369 1367 1372 1378 1377 1379 1390 1379 1389 1374 1371 1365 1352 1347 1340 1335 1334 1401 1332 1331 1332 1330 1330 1322 1521 1407 1504 1466 1707 1812 1616 1650 1380 1353 1349 1352 1352 1359 1363 1368
1227 1229 1228 1230 1230 1241 1247 1250 1246 1247 1249 1249 1256 1259 1264 1269 1273 1280 1281 1278 1286 1292 1293 1288 1297 1295 1296 1300 1303 1307 1311 1323 1337 1324 1321 1323 1326 1336 1333 1349 1343 1339 1340 1342 1358 1350 1366 1356 1376 1383 1379 1377 1377 1382 1385 1395 1385 1381 1383 1383 1387 1386 1377 1449 1355 1349 1348 1345 1565 1535 1392 1467 1345 1331 1331 1372 1446 1655 1696 1717 1636 1605 1469 1555 1380 1362 1355 1359 1365 1370 1379 1389
1231 1232 1232 1232 1238 1241 1243 1245 1245 1250 1256 1256 1262 1267 1278 1286 1286 1287 1289 1290 1295 1298 1303 1300 1303 1302 1305 1305 1309 1316 1318 1340 1350 1333 1334 1335 1337 1334 1340 1338 1363 1360 1349 1354 1353 1360 1360 1369 1382 1386 1388 1382 1384 1392 1394 1420 1382 1391 1387 1383 1384 1384 1411 1399 1358 1396 1358 1354 1436 1463 1529 1380 1340 1337 1340 1335 1334 1357 1381 1478 1403 1501 1646 1477 1380 1368 1366 1369 1377 1391 1467 1489
1233 1237 1236 1240 1242 1243 1249 1253 1255 1262 1273 1274 1277 1273 1279 1289 1295 1299 1299 1306 1305 1307 1307 1310 1314 1314 1315 1321 1320 1322 1327 1333 1337 1340 1344 1344 1348 1358 1351 1353 1355 1370 1377 1371 1374 1376 1385 1389 1398 1392 1388 1384 1391 1451 1428 1389 1381 1395 1387 1404 1475 1439 1396 1509 1384 1388 1393 1374 1422 1481 1415 1348 1343 1337 1348 1340 1343 1356 1357 1405 1424 1628 1474 1425 1379 1377 1397 1419 1480 1512 1427 1459
1240 1240 1242 1242 1250 1253 1261 1258 1264 1264 1269 1277 1282 1288 1295 1301 1315 1313 1313 1315 1314 1315 1316 1321 1324 1321 1325 1328 1328 1337 1333 1337 1358 1346 1357 1357 1383 1379 1376 1379 1385 1391 1398 1396 1398 1395 1397 1415 1402 1396 1389 1391 1449 1451 1396 1391 1389 1421 1514 1498 1555 1566 1400 1503 1521 1532 1402 1396 1361 1356 1347 1347 1342 1341 1343 1348 1355 1642 1509 1571 1509 1495 1403 1384 1377 1379 1404 1564 1618 1518 1456 1429
1240 1244 1249 1249 1249 1254 1254 1261 1265 1273 1280 1290 1306 1308 1310 1309 1329 1327 1325 1323 1325 1325 1329 1327 1330 1330 1329 1332 1333 1340 1344 1359 1365 1373 1381 1382 1391 1391 1393 1397 1399 1403 1419 1420 1421 1414 1413 1407 1404 1404 1398 1459 1433 1422 1410 1402 1400 1451 1477 1442 1560 1584 1528 1529 1534 1453 1381 1365 1359 1354 1358 1357 1355 1349 1350 1352 1354 1360 1383 1472 1378 1380 1377 1381 1378 1378 1384 1396 1411 1408 1409 1415
1245 1254 1251 1255 1253 1256 1259 1268 1274 1281 1287 1298 1310 1321 1313 1318 1320 1324 1327 1325 1328 1330 1330 1337 1334 1333 1350 1343 1349 1349 1370 1381 1380 1399 1400 1404 1405 1406 1412 1412 1422 1446 1432 1433 1421 1418 1413 1409 1413 1409 1404 1406 1408 1424 1410 1407 1415 1412 1429 1432 1474 1646 1518 1538 1393 1368 1367 1363 1359 1363 1368 1373 1364 1359 1356 1357 1362 1361 1364 1372 1370 1373 1379 1380 1381 1376 1385 1387 1395 1398 1402 1407
1249 1251 1261 1262 1260 1264 1273 1285 1286 1293 1295 1302 1306 1310 1311 1318 1322 1327 1362 1335 1338 1335 1337 1341 1342 1342 1355 1364 1372 1375 1386 1392 1398 1408 1417 1415 1427 1430 1438 1442 1437 1445 1440 1494 1464 1444 1431 1492 1434 1424 1411 1415 1439 1428 1486 1427 1506 1489 1509 1498 1514 1551 1555 1404 1378 1373 1369 1366 1368 1376 1377 1373 1371 1370 1362 1362 1365 1368 1370 1370 1371 1375 1379 1380 1380 1383 1381 1386 1394 1394 1400 1408
1256 1257 1264 1260 1264 1270 1276 1280 1296 1296 1300 1309 1305 1314 1320 1331 1327 1328 1333 1337 1343 1346 1348 1351 1362 1356 1372 1385 1384 1388 1398 1422 1419 1425 1434 1436 1438 1470 1440 1442 1440 1446 1536 1502 1465 1467 1455 1470 1567 1532 1448 1494 1514 1554 1556 1520 1531 1527 1556 1614 1483 1559 1400 1386 1379 1378 1377 1383 1383 1380 1382 1380 1377 1372 1371 1368 1369 1367 1368 1374 1374 1376 1380 1383 1384 1383 1389 1392 1408 1405 1408 1416
1260 1261 1263 1265 1268 1271 1276 1281 1284 1298 1304 1304 1307 1312 1325 1336 1325 1330 1335 1347 1351 1354 1362 1369 1383 1396 1396 1397 1408 1419 1426 1428 1428 1430 1436 1432 1439 1467 1447 1470 1493 1622 1624 1610 1589 1536 1518 1454 1461 1519 1486 1488 1458 1510 1611 1528 1536 1524 1476 1411 1401 1393 1385 1384 1384 1383 1384 1385 1386 1381 1378 1379 1379 1374 1371 1368 1367 1369 1372 1374 1380 1384 1383 1382 1386 1388 1388 1397 1402 1404 1422 1429
