DEM/Namibia_lowres_filtered.asc
ncols        516
nrows        611
xllcorner    288845.000000000000
yllcorner    7342325.000000000000
cellsize     1000.000000000000
[rows 360 to 399 of 611, columns 180 to 269 of 516]
486 497 507 518 529 541 552 564 576 588 600 612 624 637 650 662 675 688 701 714 727 740 753 766 779 792 805 817 830 842 855 867 879 891 903 914 925 936 947 958 968 979 988 998 1007 1017 1025 1034 1042 1050 1058 1065 1073 1079 1086 1093 1099 1104 1110 1115 1121 1125 1130 1135 1139 1143 1147 1150 1154 1157 1160 1163 1166 1169 1172 1174 1177 1179 1182 1184 1186 1188 1190 1192 1194 1196 1199 1201 1203 1205
482 492 503 514 525 537 549 561 573 585 597 610 622 635 648 661 674 687 700 713 727 740 753 766 779 792 805 818 831 843 856 868 880 892 904 916 927 938 949 960 970 980 990 1000 1009 1019 1027 1036 1044 1052 1060 1067 1075 1081 1088 1094 1100 1106 1112 1117 1122 1127 1132 1136 1140 1144 1148 1152 1155 1158 1161 1164 1167 1170 1173 1175 1177 1180 1182 1184 1186 1188 1191 1193 1195 1197 1199 1201 1203 1205
477 488 499 510 522 534 545 558 570 582 595 608 620 633 646 660 673 686 699 713 726 739 753 766 779 792 806 819 831 844 857 869 881 893 905 917 928 940 951 961 972 982 992 1002 1011 1020 1029 1038 1046 1054 1062 1069 1076 1083 1090 1096 1102 1108 1113 1119 1124 1129 1133 1137 1141 1145 1149 1153 1156 1159 1162 1165 1168 1171 1173 1176 1178 1180 1182 1185 1187 1189 1191 1193 1195 1197 1198 1200 1202 1204
473 484 495 507 518 530 542 555 567 580 593 605 619 632 645 658 672 685 699 712 726 739 753 766 780 793 806 819 832 845 858 870 883 895 907 918 930 941 952 963 974 984 994 1004 1013 1022 1031 1040 1048 1056 1064 1071 1078 1085 1091 1098 1104 1109 1115 1120 1125 1130 1134 1139 1143 1146 1150 1154 1157 1160 1163 1166 1168 1171 1174 1176 1178 1180 1183 1185 1187 1189 1191 1192 1194 1196 1198 1200 1202 1204
469 480 491 503 515 527 539 552 565 577 590 603 617 630 644 657 671 684 698 712 725 739 753 766 780 793 807 820 833 846 859 871 884 896 908 920 931 943 954 965 975 986 996 1005 1015 1024 1033 1041 1050 1058 1065 1073 1080 1087 1093 1099 1105 1111 1116 1121 1126 1131 1135 1140 1144 1147 1151 1154 1157 1161 1163 1166 1169 1171 1174 1176 1178 1180 1182 1184 1186 1188 1190 1192 1194 1196 1198 1199 1201 1203
465 476 488 500 512 524 537 549 562 575 588 602 615 629 642 656 670 683 697 711 725 739 753 766 780 794 807 820 834 847 860 872 885 897 909 921 933 944 955 966 977 987 997 1007 1016 1026 1034 1043 1051 1059 1067 1074 1081 1088 1094 1101 1106 1112 1117 1122 1127 1132 1136 1140 1144 1148 1151 1155 1158 1161 1164 1166 1169 1171 1174 1176 1178 1180 1182 1184 1186 1188 1190 1191 1193 1195 1197 1199 1201 1202
461 473 484 496 509 521 534 547 560 573 586 600 613 627 641 655 669 683 697 711 725 739 753 766 780 794 807 821 834 847 860 873 886 898 910 922 934 945 957 968 978 989 999 1008 1018 1027 1036 1044 1053 1061 1068 1075 1082 1089 1096 1102 1108 1113 1118 1123 1128 1133 1137 1141 1145 1148 1152 1155 1158 1161 1164 1166 1169 1171 1174 1176 1178 1180 1182 1184 1185 1187 1189 1191 1192 1194 1196 1198 1199 1201
457 469 481 493 506 518 531 544 558 571 584 598 612 626 640 654 668 682 696 710 724 738 753 767 780 794 808 821 835 848 861 874 887 899 911 923 935 947 958 969 980 990 1000 1010 1019 1028 1037 1046 1054 1062 1069 1077 1084 1090 1097 1103 1108 1114 1119 1124 1129 1133 1137 1141 1145 1149 1152 1155 1158 1161 1164 1166 1169 1171 1173 1175 1177 1179 1181 1183 1184 1186 1188 1190 1191 1193 1195 1196 1198 1200
454 466 478 490 503 516 529 542 555 569 583 596 610 624 639 653 667 681 696 710 724 738 753 767 781 795 808 822 835 849 862 875 888 900 913 925 936 948 959 970 981 991 1001 1011 1020 1030 1038 1047 1055 1063 1070 1078 1085 1091 1097 1103 1109 1115 1120 1125 1129 1134 1138 1142 1145 1149 1152 1155 1158 1161 1163 1166 1168 1170 1172 1174 1176 1178 1180 1182 1183 1185 1187 1188 1190 1192 1193 1195 1197 1198
450 462 475 487 500 513 526 540 553 567 581 595 609 623 637 652 666 681 695 709 724 738 752 767 781 795 809 822 836 849 863 876 889 901 913 926 937 949 960 971 982 992 1002 1012 1021 1031 1039 1048 1056 1064 1071 1078 1085 1092 1098 1104 1110 1115 1120 1125 1129 1134 1138 1142 1145 1149 1152 1155 1158 1160 1163 1165 1167 1169 1171 1173 1175 1177 1179 1180 1182 1184 1185 1187 1188 1190 1192 1193 1195 1197
447 459 472 485 498 511 524 538 551 565 579 593 608 622 636 651 665 680 694 709 724 738 752 767 781 795 809 823 837 850 863 876 889 902 914 926 938 950 961 972 983 993 1003 1013 1022 1031 1040 1049 1057 1064 1072 1079 1086 1092 1099 1104 1110 1115 1120 1125 1129 1134 1138 1141 1145 1148 1151 1154 1157 1160 1162 1164 1166 1168 1170 1172 1174 1176 1177 1179 1180 1182 1184 1185 1187 1188 1190 1191 1193 1194
444 456 469 482 495 508 522 536 549 563 578 592 606 621 635 650 665 679 694 709 723 738 752 767 781 795 809 823 837 851 864 877 890 903 915 927 939 951 962 973 984 994 1004 1014 1023 1032 1041 1049 1057 1065 1072 1079 1086 1093 1099 1105 1110 1115 1120 1125 1129 1133 1137 1141 1144 1148 1151 1153 1156 1159 1161 1163 1165 1167 1169 1171 1172 1174 1176 1177 1179 1180 1182 1183 1184 1186 1187 1189 1191 1192
441 453 466 479 493 506 520 534 548 562 576 590 605 620 634 649 664 679 693 708 723 738 752 767 781 795 810 824 837 851 864 878 890 903 916 928 940 951 963 974 984 995 1005 1014 1024 1033 1041 1050 1058 1065 1073 1080 1086 1093 1099 1104 1110 1115 1120 1124 1129 1133 1137 1140 1144 1147 1150 1152 1155 1157 1160 1162 1164 1165 1167 1169 1171 1172 1174 1175 1177 1178 1179 1181 1182 1184 1185 1186 1188 1190
438 451 464 477 490 504 518 532 546 560 574 589 604 618 633 648 663 678 693 708 723 737 752 767 781 796 810 824 838 851 865 878 891 904 916 928 940 952 963 974 985 995 1005 1015 1024 1033 1042 1050 1058 1065 1073 1080 1086 1093 1099 1104 1110 1115 1119 1124 1128 1132 1136 1139 1142 1145 1148 1151 1153 1156 1158 1160 1162 1164 1165 1167 1168 1170 1171 1173 1174 1175 1177 1178 1180 1181 1182 1184 1185 1187
435 448 461 474 488 502 516 530 544 558 573 588 602 617 632 647 662 677 692 707 722 737 752 767 781 796 810 824 838 851 865 878 891 904 916 929 941 952 963 974 985 995 1005 1015 1024 1033 1042 1050 1058 1065 1073 1079 1086 1092 1098 1104 1109 1114 1119 1123 1127 1131 1135 1138 1141 1144 1147 1149 1152 1154 1156 1158 1160 1162 1163 1165 1166 1168 1169 1170 1172 1173 1174 1175 1177 1178 1179 1181 1182 1184
432 445 458 472 486 499 514 528 542 557 572 586 601 616 631 646 661 677 692 707 722 737 752 766 781 795 810 824 838 852 865 878 891 904 917 929 941 952 964 974 985 995 1005 1015 1024 1033 1042 1050 1058 1065 1072 1079 1085 1092 1097 1103 1108 1113 1118 1122 1126 1130 1133 1136 1140 1142 1145 1148 1150 1152 1154 1156 1158 1159 1161 1162 1164 1165 1166 1167 1169 1170 1171 1172 1174 1175 1176 1177 1179 1180
429 443 456 470 483 497 512 526 541 555 570 585 600 615 630 645 661 676 691 706 721 736 751 766 781 795 810 824 838 852 865 878 891 904 917 929 941 952 964 974 985 995 1005 1015 1024 1033 1041 1049 1057 1065 1072 1078 1085 1091 1096 1102 1107 1112 1116 1120 1124 1128 1132 1135 1138 1140 1143 1145 1148 1150 1152 1153 1155 1157 1158 1159 1161 1162 1163 1164 1165 1167 1168 1169 1170 1171 1173 1174 1175 1177
427 440 454 467 481 495 510 524 539 554 569 584 599 614 629 644 660 675 690 706 721 736 751 766 780 795 809 824 838 851 865 878 891 904 917 929 941 952 963 974 985 995 1005 1014 1023 1032 1041 1049 1056 1064 1071 1077 1084 1090 1095 1101 1106 1110 1115 1119 1123 1126 1130 1133 1136 1138 1141 1143 1145 1147 1149 1151 1152 1154 1155 1156 1158 1159 1160 1161 1162 1163 1164 1165 1166 1168 1169 1170 1171 1173
424 438 451 465 479 493 508 522 537 552 567 582 597 613 628 643 659 674 690 705 720 735 750 765 780 795 809 823 837 851 865 878 891 904 916 928 940 952 963 974 984 994 1004 1014 1023 1031 1040 1048 1055 1063 1070 1076 1082 1088 1094 1099 1104 1109 1113 1117 1121 1124 1127 1130 1133 1136 1138 1140 1142 1144 1146 1148 1149 1150 1152 1153 1154 1155 1156 1157 1158 1159 1160 1161 1163 1164 1165 1166 1167 1169
422 435 449 463 477 491 506 521 536 551 566 581 596 612 627 642 658 673 689 704 719 734 750 765 779 794 808 823 837 851 864 877 890 903 916 928 940 951 962 973 984 994 1003 1013 1022 1030 1039 1047 1054 1061 1068 1075 1081 1087 1092 1097 1102 1107 1111 1115 1118 1122 1125 1128 1131 1133 1135 1137 1139 1141 1143 1144 1146 1147 1148 1149 1150 1151 1152 1153 1154 1155 1156 1157 1158 1159 1160 1162 1163 1164
419 433 447 461 475 489 504 519 534 549 564 579 595 610 626 641 657 672 688 703 718 734 749 764 779 793 808 822 836 850 864 877 890 903 915 927 939 950 961 972 983 993 1002 1012 1021 1029 1037 1045 1053 1060 1067 1073 1079 1085 1090 1095 1100 1104 1108 1112 1116 1119 1122 1125 1128 1130 1132 1134 1136 1138 1139 1141 1142 1143 1144 1145 1146 1147 1148 1149 1150 1151 1152 1153 1154 1155 1156 1157 1158 1160
417 431 445 459 473 488 502 517 532 547 563 578 593 609 625 640 656 671 687 702 718 733 748 763 778 793 807 821 835 849 863 876 889 902 914 926 938 949 960 971 982 992 1001 1010 1019 1028 1036 1044 1051 1058 1065 1071 1077 1083 1088 1093 1097 1102 1106 1110 1113 1116 1119 1122 1124 1127 1129 1131 1132 1134 1135 1137 1138 1139 1140 1141 1142 1143 1144 1145 1146 1146 1147 1148 1149 1150 1151 1152 1153 1155
415 428 442 457 471 486 500 515 530 546 561 576 592 608 623 639 654 670 686 701 716 732 747 762 777 792 806 820 834 848 862 875 888 901 913 925 937 948 959 970 980 990 1000 1009 1018 1026 1034 1042 1049 1056 1063 1069 1075 1080 1085 1090 1095 1099 1103 1107 1110 1113 1116 1118 1121 1123 1125 1127 1129 1130 1131 1133 1134 1135 1136 1137 1138 1138 1139 1140 1141 1142 1142 1143 1144 1145 1146 1147 1148 1149
412 426 440 454 469 484 498 514 529 544 559 575 591 606 622 637 653 669 684 700 715 731 746 761 776 790 805 819 833 847 861 874 887 899 912 924 935 947 958 968 979 988 998 1007 1016 1024 1032 1040 1047 1054 1060 1066 1072 1077 1083 1087 1092 1096 1100 1103 1107 1110 1112 1115 1117 1119 1121 1123 1124 1126 1127 1128 1129 1130 1131 1132 1133 1134 1134 1135 1136 1137 1137 1138 1139 1140 1141 1142 1143 1144
410 424 438 452 467 482 497 512 527 542 558 573 589 605 620 636 652 667 683 699 714 729 745 760 774 789 804 818 832 846 859 872 885 898 910 922 934 945 956 967 977 986 996 1005 1014 1022 1030 1037 1044 1051 1057 1063 1069 1074 1079 1084 1088 1092 1096 1100 1103 1106 1108 1111 1113 1115 1117 1119 1120 1121 1123 1124 1125 1126 1126 1127 1128 1129 1129 1130 1131 1131 1132 1133 1134 1134 1135 1136 1137 1139
408 422 436 450 465 480 495 510 525 541 556 572 587 603 619 634 650 666 682 697 713 728 743 758 773 788 802 816 830 844 858 871 884 896 909 920 932 943 954 964 975 984 994 1003 1011 1019 1027 1035 1042 1048 1055 1060 1066 1071 1076 1081 1085 1089 1092 1096 1099 1102 1104 1107 1109 1111 1112 1114 1115 1117 1118 1119 1120 1120 1121 1122 1123 1123 1124 1124 1125 1126 1126 1127 1128 1129 1130 1131 1132 1133
405 419 434 448 463 478 493 508 523 539 554 570 586 601 617 633 649 664 680 696 711 726 742 757 771 786 801 815 829 842 856 869 882 894 907 918 930 941 952 962 972 982 991 1000 1008 1017 1024 1032 1038 1045 1051 1057 1063 1068 1072 1077 1081 1085 1088 1092 1095 1097 1100 1102 1104 1106 1108 1109 1110 1112 1113 1114 1114 1115 1116 1116 1117 1118 1118 1119 1119 1120 1121 1121 1122 1123 1124 1125 1126 1127
403 417 431 446 461 476 491 506 521 537 552 568 584 600 615 631 647 663 678 694 709 725 740 755 770 784 799 813 827 841 854 867 880 892 904 916 928 939 949 960 970 979 988 997 1005 1013 1021 1028 1035 1042 1048 1053 1059 1064 1069 1073 1077 1081 1084 1087 1090 1093 1095 1097 1099 1101 1103 1104 1105 1106 1107 1108 1109 1110 1110 1111 1111 1112 1112 1113 1113 1114 1115 1115 1116 1117 1118 1118 1119 1121
401 415 429 444 458 473 489 504 519 535 550 566 582 598 613 629 645 661 676 692 707 723 738 753 768 782 797 811 825 838 852 865 877 890 902 914 925 936 947 957 967 976 985 994 1002 1010 1018 1025 1032 1038 1044 1050 1055 1060 1064 1069 1073 1076 1080 1083 1085 1088 1090 1092 1094 1096 1097 1099 1100 1101 1102 1102 1103 1104 1104 1105 1105 1106 1106 1107 1107 1108 1108 1109 1110 1110 1111 1112 1113 1114
398 412 427 441 456 471 486 502 517 533 548 564 580 596 611 627 643 659 674 690 705 721 736 751 766 780 794 809 822 836 849 862 875 887 899 911 922 933 944 954 964 973 982 991 999 1007 1014 1021 1028 1034 1040 1045 1051 1055 1060 1064 1068 1071 1075 1078 1080 1083 1085 1087 1089 1090 1092 1093 1094 1095 1096 1096 1097 1098 1098 1099 1099 1100 1100 1100 1101 1101 1102 1102 1103 1104 1105 1105 1106 1108
396 410 425 439 454 469 484 500 515 531 546 562 578 593 609 625 641 657 672 688 703 718 733 748 763 778 792 806 820 833 847 860 872 884 896 908 919 930 940 951 960 969 978 987 995 1003 1010 1017 1024 1030 1036 1041 1046 1051 1055 1059 1063 1066 1070 1072 1075 1077 1079 1081 1083 1085 1086 1087 1088 1089 1090 1090 1091 1091 1092 1092 1093 1093 1093 1094 1094 1095 1095 1096 1096 1097 1098 1099 1100 1101
394 408 422 437 452 467 482 497 513 528 544 560 575 591 607 623 639 654 670 685 701 716 731 746 761 775 789 803 817 831 844 857 869 881 893 905 916 927 937 947 957 966 975 983 991 999 1006 1013 1019 1025 1031 1036 1041 1046 1050 1054 1058 1061 1064 1067 1069 1072 1074 1076 1077 1079 1080 1081 1082 1083 1083 1084 1084 1085 1085 1086 1086 1086 1087 1087 1087 1088 1088 1089 1090 1090 1091 1092 1093 1094
391 405 420 434 449 464 480 495 510 526 542 557 573 589 605 620 636 652 667 683 698 713 728 743 758 772 787 801 814 828 841 853 866 878 890 901 912 923 933 943 953 962 970 979 987 994 1001 1008 1014 1020 1026 1031 1036 1041 1045 1049 1052 1056 1059 1061 1064 1066 1068 1069 1071 1072 1073 1075 1075 1076 1077 1077 1078 1078 1079 1079 1079 1079 1080 1080 1081 1081 1081 1082 1083 1083 1084 1085 1086 1087
389 403 417 432 447 462 477 492 508 523 539 555 571 586 602 618 633 649 665 680 695 711 726 740 755 769 784 797 811 824 837 850 862 875 886 898 908 919 929 939 948 957 966 974 982 990 997 1003 1010 1015 1021 1026 1031 1035 1039 1043 1047 1050 1053 1055 1058 1060 1062 1063 1065 1066 1067 1068 1069 1069 1070 1070 1071 1071 1072 1072 1072 1072 1073 1073 1073 1074 1074 1075 1075 1076 1077 1078 1079 1080
386 400 415 429 444 459 475 490 505 521 536 552 568 584 599 615 631 646 662 677 692 708 723 737 752 766 780 794 808 821 834 846 859 871 882 894 904 915 925 935 944 953 961 970 977 985 992 998 1004 1010 1016 1021 1025 1030 1034 1037 1041 1044 1047 1049 1051 1053 1055 1057 1058 1059 1060 1061 1062 1063 1063 1063 1064 1064 1064 1065 1065 1065 1065 1066 1066 1066 1067 1067 1068 1069 1070 1070 1071 1072
384 398 412 427 442 457 472 487 503 518 534 549 565 581 596 612 628 643 659 674 689 704 719 734 748 763 777 791 804 817 830 843 855 867 878 889 900 911 921 930 939 948 957 965 972 979 986 993 999 1005 1010 1015 1019 1024 1028 1031 1034 1037 1040 1043 1045 1047 1048 1050 1051 1052 1053 1054 1055 1055 1056 1056 1057 1057 1057 1057 1058 1058 1058 1058 1059 1059 1060 1060 1061 1061 1062 1063 1064 1065
381 395 410 424 439 454 469 484 500 515 531 547 562 578 593 609 625 640 656 671 686 701 716 731 745 759 773 787 800 813 826 838 851 862 874 885 896 906 916 925 934 943 951 959 967 974 981 987 993 999 1004 1009 1013 1017 1021 1025 1028 1031 1034 1036 1038 1040 1042 1043 1044 1045 1046 1047 1048 1048 1049 1049 1049 1049 1050 1050 1050 1050 1051 1051 1051 1052 1052 1052 1053 1054 1055 1056 1057 1058
378 392 407 421 436 451 466 482 497 512 528 543 559 575 590 606 621 637 652 667 683 697 712 727 741 755 769 783 796 809 822 834 846 858 869 880 891 901 911 920 929 938 946 954 961 968 975 981 987 993 998 1003 1007 1011 1015 1018 1021 1024 1027 1029 1031 1033 1034 1036 1037 1038 1039 1040 1040 1041 1041 1041 1042 1042 1042 1042 1042 1043 1043 1043 1043 1044 1044 1045 1045 1046 1047 1048 1049 1050
375 390 404 418 433 448 463 479 494 509 525 540 556 571 587 603 618 633 649 664 679 694 708 723 737 751 765 779 792 805 817 830 842 853 864 875 886 896 906 915 924 932 940 948 956 962 969 975 981 986 991 996 1000 1004 1008 1011 1014 1017 1020 1022 1024 1026 1027 1028 1030 1031 1031 1032 1033 1033 1033 1034 1034 1034 1034 1035 1035 1035 1035 1035 1036 1036 1037 1037 1038 1039 1039 1040 1041 1043
372 387 401 416 430 445 460 475 491 506 522 537 553 568 584 599 614 630 645 660 675 690 704 719 733 747 761 774 787 800 813 825 837 848 859 870 880 890 900 909 918 927 935 942 949 956 963 969 975 980 985 989 994 998 1001 1004 1007 1010 1012 1015 1016 1018 1020 1021 1022 1023 1024 1024 1025 1025 1026 1026 1026 1026 1027 1027 1027 1027 1027 1028 1028 1028 1029 1029 1030 1031 1032 1033 1034 1035
