DEM/Namibia_lowres_filtered.asc
ncols        516
nrows        611
xllcorner    288845.000000000000
yllcorner    7342325.000000000000
cellsize     1000.000000000000
[rows 520 to 559 of 611, columns 360 to 449 of 516]
1597 1605 1614 1622 1630 1637 1645 1652 1659 1665 1671 1677 1683 1688 1693 1698 1702 1706 1710 1713 1716 1718 1720 1722 1723 1724 1724 1724 1724 1723 1722 1720 1718 1716 1713 1709 1706 1702 1697 1693 1688 1682 1677 1671 1664 1658 1651 1644 1636 1629 1621 1613 1605 1597 1589 1581 1572 1564 1555 1547 1539 1530 1522 1514 1506 1498 1491 1483 1476 1469 1463 1456 1450 1445 1439 1434 1430 1425 1421 1418 1415 1412 1410 1408 1407 1406 1406 1406 1406 1407
1598 1607 1615 1623 1631 1638 1646 1653 1659 1666 1672 1678 1683 1689 1693 1698 1702 1706 1709 1712 1715 1717 1719 1721 1722 1722 1723 1722 1722 1721 1719 1718 1715 1713 1710 1706 1703 1699 1694 1689 1684 1678 1673 1666 1660 1653 1646 1639 1632 1624 1616 1608 1600 1592 1583 1575 1566 1558 1549 1541 1533 1524 1516 1508 1500 1492 1484 1477 1470 1463 1456 1450 1443 1438 1432 1427 1423 1418 1414 1411 1408 1405 1403 1401 1400 1399 1399 1399 1399 1400
1599 1608 1616 1624 1632 1639 1647 1654 1660 1667 1673 1679 1684 1689 1694 1698 1702 1706 1709 1712 1715 1717 1718 1720 1721 1721 1721 1721 1720 1719 1717 1715 1713 1710 1707 1704 1700 1695 1691 1686 1680 1675 1669 1662 1656 1649 1642 1634 1627 1619 1611 1603 1595 1586 1578 1569 1561 1552 1544 1535 1526 1518 1510 1501 1493 1486 1478 1470 1463 1456 1449 1443 1437 1431 1426 1420 1416 1412 1408 1404 1401 1399 1396 1395 1393 1393 1392 1392 1393 1394
1601 1609 1618 1626 1633 1641 1648 1655 1661 1668 1674 1679 1685 1690 1694 1698 1702 1706 1709 1712 1714 1716 1718 1719 1720 1720 1720 1719 1718 1717 1715 1713 1711 1708 1704 1701 1697 1692 1687 1682 1677 1671 1665 1658 1651 1644 1637 1630 1622 1614 1606 1598 1589 1581 1572 1564 1555 1546 1538 1529 1521 1512 1504 1495 1487 1479 1471 1464 1457 1450 1443 1436 1430 1424 1419 1414 1409 1405 1401 1397 1394 1392 1390 1388 1387 1386 1385 1385 1386 1387
1603 1611 1619 1627 1635 1642 1649 1656 1663 1669 1675 1680 1685 1690 1695 1699 1703 1706 1709 1712 1714 1716 1717 1718 1719 1719 1719 1718 1717 1715 1713 1711 1708 1705 1702 1698 1694 1689 1684 1679 1673 1667 1661 1654 1647 1640 1633 1625 1617 1609 1601 1593 1584 1576 1567 1558 1550 1541 1532 1523 1515 1506 1498 1489 1481 1473 1465 1458 1450 1443 1436 1430 1424 1418 1412 1407 1403 1398 1394 1391 1388 1385 1383 1381 1380 1379 1379 1379 1379 1380
1605 1613 1621 1629 1636 1644 1651 1657 1664 1670 1676 1681 1686 1691 1695 1699 1703 1706 1709 1711 1714 1715 1716 1717 1718 1718 1717 1717 1715 1714 1712 1709 1706 1703 1699 1695 1691 1686 1681 1676 1670 1664 1657 1650 1643 1636 1629 1621 1613 1605 1596 1588 1579 1571 1562 1553 1544 1535 1527 1518 1509 1500 1492 1483 1475 1467 1459 1451 1444 1437 1430 1424 1417 1411 1406 1401 1396 1392 1388 1384 1381 1379 1376 1375 1374 1373 1372 1372 1373 1374
1607 1615 1623 1631 1638 1645 1652 1659 1665 1671 1677 1682 1687 1692 1696 1700 1703 1706 1709 1711 1713 1715 1716 1717 1717 1717 1716 1715 1714 1712 1710 1707 1704 1701 1697 1693 1688 1683 1678 1672 1666 1660 1653 1647 1639 1632 1624 1616 1608 1600 1592 1583 1574 1566 1557 1548 1539 1530 1521 1512 1503 1495 1486 1478 1469 1461 1453 1445 1438 1431 1424 1417 1411 1405 1400 1395 1390 1385 1381 1378 1375 1372 1370 1368 1367 1366 1366 1366 1367 1368
1609 1617 1625 1633 1640 1647 1654 1661 1667 1673 1678 1683 1688 1693 1697 1701 1704 1707 1709 1712 1713 1715 1716 1716 1716 1716 1715 1714 1712 1711 1708 1705 1702 1699 1695 1690 1686 1680 1675 1669 1663 1657 1650 1643 1636 1628 1620 1612 1604 1596 1587 1578 1570 1561 1552 1543 1534 1525 1516 1507 1498 1489 1480 1472 1463 1455 1447 1440 1432 1425 1418 1411 1405 1399 1394 1388 1384 1379 1375 1372 1369 1366 1364 1362 1361 1360 1360 1360 1360 1361
1611 1619 1627 1635 1642 1649 1656 1662 1668 1674 1680 1685 1689 1694 1698 1701 1704 1707 1710 1712 1713 1715 1715 1716 1716 1715 1714 1713 1711 1709 1707 1704 1700 1696 1692 1688 1683 1678 1672 1666 1660 1653 1646 1639 1632 1624 1616 1608 1600 1591 1583 1574 1565 1556 1547 1538 1529 1520 1511 1501 1492 1484 1475 1466 1458 1450 1442 1434 1426 1419 1412 1405 1399 1393 1388 1382 1378 1373 1369 1366 1363 1360 1358 1356 1355 1354 1354 1354 1354 1355
1613 1622 1629 1637 1644 1651 1658 1664 1670 1676 1681 1686 1691 1695 1699 1702 1705 1708 1710 1712 1713 1714 1715 1715 1715 1714 1713 1712 1710 1708 1705 1702 1698 1694 1690 1685 1680 1675 1669 1663 1657 1650 1643 1636 1628 1620 1612 1604 1596 1587 1578 1569 1560 1551 1542 1533 1524 1515 1505 1496 1487 1478 1469 1461 1452 1444 1436 1428 1421 1413 1406 1400 1393 1387 1382 1376 1372 1367 1363 1360 1357 1354 1352 1350 1349 1348 1348 1348 1348 1349
1616 1624 1632 1639 1646 1653 1660 1666 1672 1678 1683 1688 1692 1696 1700 1703 1706 1708 1711 1712 1714 1714 1715 1715 1715 1714 1713 1711 1709 1706 1704 1700 1697 1692 1688 1683 1678 1672 1667 1660 1654 1647 1640 1632 1625 1617 1609 1600 1592 1583 1574 1565 1556 1547 1538 1528 1519 1510 1500 1491 1482 1473 1464 1456 1447 1439 1431 1423 1415 1408 1401 1394 1388 1382 1376 1371 1366 1361 1357 1354 1351 1348 1346 1344 1343 1342 1342 1342 1343 1344
1619 1627 1634 1642 1649 1656 1662 1668 1674 1679 1684 1689 1693 1697 1701 1704 1707 1709 1711 1713 1714 1714 1715 1715 1714 1713 1712 1710 1708 1705 1702 1699 1695 1691 1686 1681 1676 1670 1664 1658 1651 1644 1637 1629 1621 1613 1605 1596 1588 1579 1570 1561 1552 1542 1533 1524 1514 1505 1496 1486 1477 1468 1459 1450 1442 1433 1425 1417 1410 1402 1395 1388 1382 1376 1370 1365 1360 1356 1352 1348 1345 1343 1340 1339 1337 1337 1336 1336 1337 1338
1622 1629 1637 1644 1651 1658 1664 1670 1676 1681 1686 1691 1695 1699 1702 1705 1708 1710 1712 1713 1714 1715 1715 1714 1714 1713 1711 1709 1707 1704 1701 1697 1693 1689 1684 1679 1673 1668 1661 1655 1648 1641 1633 1626 1618 1610 1601 1593 1584 1575 1566 1557 1547 1538 1529 1519 1510 1500 1491 1482 1472 1463 1454 1445 1437 1428 1420 1412 1404 1397 1390 1383 1377 1371 1365 1360 1355 1350 1346 1343 1340 1337 1335 1333 1332 1331 1331 1331 1331 1332
1624 1632 1640 1647 1654 1660 1667 1673 1678 1683 1688 1692 1696 1700 1703 1706 1709 1711 1712 1714 1714 1715 1715 1714 1713 1712 1710 1708 1706 1703 1699 1696 1692 1687 1682 1677 1671 1665 1659 1652 1645 1638 1630 1623 1615 1606 1598 1589 1580 1571 1562 1553 1543 1534 1524 1515 1505 1496 1486 1477 1468 1458 1449 1440 1432 1423 1415 1407 1399 1392 1385 1378 1371 1365 1360 1354 1350 1345 1341 1337 1334 1332 1329 1328 1326 1326 1325 1325 1326 1327
1627 1635 1643 1650 1657 1663 1669 1675 1680 1685 1690 1694 1698 1702 1705 1707 1710 1712 1713 1714 1715 1715 1715 1714 1713 1712 1710 1708 1705 1702 1698 1694 1690 1685 1680 1675 1669 1663 1656 1650 1642 1635 1627 1619 1611 1603 1594 1585 1576 1567 1558 1549 1539 1530 1520 1510 1501 1491 1482 1472 1463 1454 1445 1436 1427 1418 1410 1402 1394 1387 1380 1373 1366 1360 1355 1349 1344 1340 1336 1332 1329 1326 1324 1323 1321 1320 1320 1320 1321 1322
1631 1638 1646 1653 1659 1666 1672 1677 1683 1687 1692 1696 1700 1703 1706 1709 1711 1713 1714 1715 1715 1715 1715 1714 1713 1711 1709 1707 1704 1701 1697 1693 1688 1684 1678 1673 1667 1661 1654 1647 1640 1632 1625 1616 1608 1600 1591 1582 1573 1564 1554 1545 1535 1526 1516 1506 1497 1487 1477 1468 1458 1449 1440 1431 1422 1414 1405 1397 1389 1382 1375 1368 1361 1355 1350 1344 1339 1335 1331 1327 1324 1321 1319 1317 1316 1315 1315 1315 1316 1317
1634 1641 1649 1656 1662 1668 1674 1680 1685 1690 1694 1698 1702 1705 1708 1710 1712 1714 1715 1715 1716 1716 1715 1714 1713 1711 1709 1706 1703 1700 1696 1692 1687 1682 1677 1671 1665 1658 1652 1645 1637 1630 1622 1614 1605 1596 1588 1579 1569 1560 1551 1541 1531 1522 1512 1502 1492 1483 1473 1464 1454 1445 1436 1427 1418 1409 1401 1393 1385 1377 1370 1363 1357 1351 1345 1339 1335 1330 1326 1322 1319 1317 1314 1313 1311 1310 1310 1310 1311 1312
1637 1645 1652 1659 1665 1671 1677 1682 1687 1692 1696 1700 1703 1706 1709 1711 1713 1715 1716 1716 1716 1716 1715 1714 1713 1711 1708 1706 1702 1699 1695 1690 1686 1680 1675 1669 1663 1656 1649 1642 1635 1627 1619 1611 1602 1593 1584 1575 1566 1557 1547 1537 1528 1518 1508 1498 1488 1479 1469 1459 1450 1440 1431 1422 1413 1405 1396 1388 1380 1373 1366 1359 1352 1346 1340 1335 1330 1325 1321 1318 1315 1312 1310 1308 1307 1306 1305 1306 1306 1307
1641 1648 1655 1662 1668 1674 1680 1685 1690 1694 1698 1702 1705 1708 1711 1713 1714 1716 1716 1717 1717 1716 1716 1714 1713 1710 1708 1705 1702 1698 1694 1689 1684 1679 1673 1667 1661 1654 1647 1640 1632 1624 1616 1608 1599 1590 1581 1572 1563 1553 1544 1534 1524 1514 1504 1494 1485 1475 1465 1455 1446 1436 1427 1418 1409 1400 1392 1384 1376 1368 1361 1354 1348 1342 1336 1330 1325 1321 1317 1313 1310 1307 1305 1303 1302 1301 1301 1301 1302 1303
1644 1651 1658 1665 1671 1677 1682 1687 1692 1697 1700 1704 1707 1710 1712 1714 1716 1717 1717 1718 1717 1717 1716 1714 1713 1710 1708 1704 1701 1697 1693 1688 1683 1678 1672 1666 1659 1652 1645 1638 1630 1622 1614 1605 1596 1587 1578 1569 1560 1550 1540 1530 1521 1511 1501 1491 1481 1471 1461 1451 1442 1432 1423 1414 1405 1396 1388 1380 1372 1364 1357 1350 1343 1337 1331 1326 1321 1317 1312 1309 1306 1303 1301 1299 1298 1297 1296 1297 1297 1298
1648 1655 1662 1668 1674 1680 1685 1690 1695 1699 1703 1706 1709 1712 1714 1716 1717 1718 1718 1718 1718 1717 1716 1714 1712 1710 1707 1704 1700 1696 1692 1687 1682 1676 1670 1664 1657 1650 1643 1635 1628 1619 1611 1602 1594 1585 1575 1566 1556 1547 1537 1527 1517 1507 1497 1487 1477 1467 1457 1448 1438 1428 1419 1410 1401 1392 1384 1376 1368 1360 1353 1346 1339 1333 1327 1322 1317 1312 1308 1305 1302 1299 1297 1295 1293 1293 1292 1292 1293 1294
1651 1658 1665 1671 1677 1683 1688 1693 1697 1701 1705 1708 1711 1713 1715 1717 1718 1719 1719 1719 1719 1718 1716 1715 1712 1710 1707 1703 1700 1695 1691 1686 1680 1675 1669 1662 1655 1648 1641 1633 1625 1617 1609 1600 1591 1582 1573 1563 1553 1544 1534 1524 1514 1504 1494 1484 1474 1464 1454 1444 1434 1425 1415 1406 1397 1388 1380 1372 1364 1356 1349 1342 1335 1329 1323 1318 1313 1308 1304 1301 1298 1295 1293 1291 1289 1289 1288 1288 1289 1290
1655 1662 1668 1675 1680 1686 1691 1696 1700 1704 1707 1710 1713 1715 1717 1719 1720 1720 1720 1720 1719 1718 1717 1715 1712 1710 1707 1703 1699 1695 1690 1685 1679 1673 1667 1661 1654 1647 1639 1631 1623 1615 1606 1597 1588 1579 1570 1560 1550 1541 1531 1521 1511 1501 1490 1480 1470 1460 1450 1440 1431 1421 1412 1403 1394 1385 1376 1368 1360 1352 1345 1338 1332 1325 1320 1314 1309 1305 1301 1297 1294 1291 1289 1287 1286 1285 1284 1285 1285 1286
1659 1665 1672 1678 1684 1689 1694 1698 1702 1706 1710 1712 1715 1717 1719 1720 1721 1721 1721 1721 1720 1719 1717 1715 1712 1710 1706 1702 1698 1694 1689 1684 1678 1672 1666 1659 1652 1645 1637 1629 1621 1613 1604 1595 1586 1577 1567 1557 1548 1538 1528 1518 1508 1497 1487 1477 1467 1457 1447 1437 1427 1418 1408 1399 1390 1381 1373 1364 1357 1349 1342 1335 1328 1322 1316 1311 1306 1301 1297 1293 1290 1287 1285 1283 1282 1281 1281 1281 1281 1282
1662 1669 1675 1681 1687 1692 1697 1701 1705 1709 1712 1715 1717 1719 1720 1721 1722 1722 1722 1722 1721 1719 1717 1715 1712 1709 1706 1702 1698 1693 1688 1683 1677 1671 1664 1657 1650 1643 1635 1627 1619 1610 1602 1593 1583 1574 1564 1555 1545 1535 1525 1515 1505 1494 1484 1474 1464 1454 1444 1434 1424 1414 1405 1396 1387 1378 1369 1361 1353 1345 1338 1331 1325 1318 1313 1307 1302 1298 1294 1290 1287 1284 1282 1280 1279 1278 1277 1277 1278 1279
1666 1673 1679 1685 1690 1695 1700 1704 1708 1711 1714 1717 1719 1721 1722 1723 1723 1724 1723 1722 1721 1720 1718 1715 1712 1709 1706 1702 1697 1692 1687 1682 1676 1669 1663 1656 1649 1641 1633 1625 1617 1608 1599 1590 1581 1571 1562 1552 1542 1532 1522 1512 1502 1491 1481 1471 1461 1451 1441 1431 1421 1411 1402 1393 1383 1375 1366 1358 1350 1342 1335 1328 1321 1315 1309 1304 1299 1294 1290 1287 1283 1281 1278 1277 1275 1274 1274 1274 1275 1276
1670 1676 1682 1688 1693 1698 1703 1707 1710 1714 1716 1719 1721 1722 1724 1724 1725 1725 1724 1723 1722 1720 1718 1715 1712 1709 1705 1701 1697 1692 1686 1681 1675 1668 1662 1654 1647 1639 1632 1623 1615 1606 1597 1588 1579 1569 1559 1550 1540 1529 1519 1509 1499 1489 1478 1468 1458 1448 1438 1428 1418 1408 1399 1389 1380 1372 1363 1355 1347 1339 1332 1325 1318 1312 1306 1301 1296 1291 1287 1284 1280 1278 1275 1274 1272 1271 1271 1271 1272 1273
1674 1680 1686 1691 1696 1701 1705 1709 1713 1716 1719 1721 1723 1724 1725 1726 1726 1726 1725 1724 1723 1721 1718 1716 1712 1709 1705 1701 1696 1691 1685 1680 1673 1667 1660 1653 1646 1638 1630 1621 1613 1604 1595 1586 1576 1567 1557 1547 1537 1527 1517 1506 1496 1486 1476 1465 1455 1445 1435 1425 1415 1405 1396 1387 1378 1369 1360 1352 1344 1336 1329 1322 1315 1309 1303 1298 1293 1288 1284 1281 1278 1275 1273 1271 1269 1269 1268 1268 1269 1270
1677 1683 1689 1695 1700 1704 1708 1712 1715 1718 1721 1723 1725 1726 1727 1727 1727 1727 1726 1725 1723 1721 1719 1716 1712 1709 1705 1700 1695 1690 1685 1679 1672 1666 1659 1652 1644 1636 1628 1620 1611 1602 1593 1584 1574 1564 1555 1545 1535 1524 1514 1504 1494 1483 1473 1463 1452 1442 1432 1422 1412 1403 1393 1384 1375 1366 1357 1349 1341 1334 1326 1319 1313 1306 1301 1295 1290 1286 1282 1278 1275 1272 1270 1268 1267 1266 1266 1266 1266 1267
1681 1687 1693 1698 1703 1707 1711 1715 1718 1721 1723 1725 1727 1728 1728 1729 1729 1728 1727 1726 1724 1722 1719 1716 1712 1709 1704 1700 1695 1689 1684 1678 1671 1665 1658 1650 1642 1635 1626 1618 1609 1600 1591 1582 1572 1562 1552 1542 1532 1522 1512 1501 1491 1481 1470 1460 1450 1440 1429 1419 1410 1400 1391 1381 1372 1363 1355 1347 1339 1331 1324 1317 1310 1304 1298 1293 1288 1283 1279 1276 1272 1270 1267 1266 1264 1263 1263 1263 1264 1265
1685 1691 1696 1701 1706 1710 1714 1717 1720 1723 1725 1727 1728 1729 1730 1730 1730 1729 1728 1726 1724 1722 1719 1716 1712 1708 1704 1699 1694 1689 1683 1677 1670 1663 1656 1649 1641 1633 1625 1616 1607 1598 1589 1579 1570 1560 1550 1540 1530 1520 1509 1499 1489 1478 1468 1458 1447 1437 1427 1417 1407 1398 1388 1379 1370 1361 1352 1344 1336 1329 1321 1314 1308 1302 1296 1290 1286 1281 1277 1273 1270 1267 1265 1263 1262 1261 1261 1261 1261 1262
1688 1694 1699 1704 1709 1713 1717 1720 1723 1725 1727 1729 1730 1731 1731 1731 1731 1730 1729 1727 1725 1722 1719 1716 1712 1708 1704 1699 1694 1688 1682 1676 1669 1662 1655 1647 1639 1631 1623 1614 1605 1596 1587 1577 1568 1558 1548 1538 1528 1517 1507 1497 1486 1476 1466 1455 1445 1435 1425 1415 1405 1395 1386 1376 1367 1359 1350 1342 1334 1326 1319 1312 1306 1299 1294 1288 1283 1279 1275 1271 1268 1265 1263 1261 1260 1259 1259 1259 1259 1260
1692 1698 1703 1708 1712 1716 1719 1723 1725 1728 1729 1731 1732 1733 1733 1733 1732 1731 1729 1728 1725 1723 1720 1716 1712 1708 1703 1698 1693 1687 1681 1675 1668 1661 1654 1646 1638 1630 1621 1613 1604 1594 1585 1576 1566 1556 1546 1536 1526 1515 1505 1495 1484 1474 1463 1453 1443 1433 1422 1412 1403 1393 1384 1374 1365 1357 1348 1340 1332 1324 1317 1310 1304 1298 1292 1286 1282 1277 1273 1269 1266 1264 1261 1260 1258 1257 1257 1257 1258 1259
1696 1701 1706 1711 1715 1719 1722 1725 1728 1730 1731 1733 1734 1734 1734 1734 1733 1732 1730 1728 1726 1723 1720 1716 1712 1708 1703 1698 1692 1686 1680 1674 1667 1660 1652 1645 1637 1628 1620 1611 1602 1593 1583 1574 1564 1554 1544 1534 1524 1513 1503 1492 1482 1472 1461 1451 1441 1430 1420 1410 1401 1391 1382 1372 1363 1355 1346 1338 1330 1322 1315 1308 1302 1296 1290 1285 1280 1275 1271 1268 1265 1262 1260 1258 1257 1256 1255 1255 1256 1257
1699 1705 1709 1714 1718 1722 1725 1728 1730 1732 1733 1735 1735 1736 1735 1735 1734 1733 1731 1729 1726 1723 1720 1716 1712 1707 1702 1697 1692 1686 1679 1673 1666 1659 1651 1643 1635 1627 1618 1609 1600 1591 1581 1572 1562 1552 1542 1532 1522 1511 1501 1490 1480 1470 1459 1449 1439 1428 1418 1408 1399 1389 1380 1370 1362 1353 1344 1336 1328 1321 1314 1307 1300 1294 1288 1283 1278 1274 1270 1266 1263 1260 1258 1257 1255 1254 1254 1254 1255 1256
1703 1708 1713 1717 1721 1724 1727 1730 1732 1734 1735 1736 1737 1737 1737 1736 1735 1733 1731 1729 1726 1723 1720 1716 1712 1707 1702 1697 1691 1685 1678 1672 1665 1657 1650 1642 1634 1625 1617 1608 1599 1589 1580 1570 1560 1550 1540 1530 1520 1509 1499 1489 1478 1468 1457 1447 1437 1427 1417 1407 1397 1387 1378 1369 1360 1351 1343 1335 1327 1319 1312 1305 1299 1293 1287 1282 1277 1273 1269 1265 1262 1259 1257 1255 1254 1253 1253 1253 1253 1254
1706 1711 1716 1720 1724 1727 1730 1732 1734 1736 1737 1738 1738 1738 1738 1737 1736 1734 1732 1730 1727 1723 1720 1716 1711 1707 1701 1696 1690 1684 1678 1671 1664 1656 1648 1641 1632 1624 1615 1606 1597 1588 1578 1568 1558 1548 1538 1528 1518 1508 1497 1487 1476 1466 1456 1445 1435 1425 1415 1405 1395 1386 1376 1367 1358 1350 1341 1333 1325 1318 1311 1304 1298 1292 1286 1281 1276 1271 1268 1264 1261 1258 1256 1254 1253 1252 1252 1252 1252 1253
1709 1714 1719 1723 1726 1729 1732 1734 1736 1738 1739 1739 1740 1740 1739 1738 1737 1735 1732 1730 1727 1723 1720 1716 1711 1706 1701 1695 1689 1683 1677 1670 1662 1655 1647 1639 1631 1622 1614 1605 1595 1586 1576 1567 1557 1547 1537 1526 1516 1506 1495 1485 1475 1464 1454 1444 1433 1423 1413 1403 1394 1384 1375 1366 1357 1348 1340 1332 1324 1317 1310 1303 1297 1291 1285 1280 1275 1271 1267 1263 1260 1257 1255 1254 1252 1251 1251 1251 1252 1253
1713 1717 1722 1725 1729 1732 1734 1737 1738 1740 1740 1741 1741 1741 1740 1739 1737 1735 1733 1730 1727 1723 1720 1715 1711 1706 1700 1695 1689 1682 1676 1669 1661 1654 1646 1638 1629 1621 1612 1603 1594 1584 1575 1565 1555 1545 1535 1525 1514 1504 1494 1483 1473 1463 1452 1442 1432 1422 1412 1402 1392 1383 1374 1365 1356 1347 1339 1331 1323 1316 1309 1302 1296 1290 1284 1279 1274 1270 1266 1262 1259 1257 1255 1253 1252 1251 1251 1251 1251 1252
1716 1720 1724 1728 1731 1734 1737 1739 1740 1741 1742 1742 1742 1742 1741 1740 1738 1736 1733 1730 1727 1723 1719 1715 1710 1705 1700 1694 1688 1681 1675 1668 1660 1653 1645 1636 1628 1619 1611 1601 1592 1583 1573 1563 1553 1543 1533 1523 1513 1502 1492 1482 1471 1461 1451 1441 1430 1420 1411 1401 1391 1382 1372 1363 1355 1346 1338 1330 1322 1315 1308 1301 1295 1289 1284 1278 1274 1269 1265 1262 1259 1256 1254 1253 1251 1251 1250 1250 1251 1252
